Running parameters:
    num_runs = 10
    mutate = 'whole' # 'one' or 'whole
    pop_sizes = [1000, 1000, 1000]
    maxgens = [1000, 1000, 1000]
    birthrates = [0.2, 0.3, 0.4]
    crossrates = [0.9, 0.9, 0.9]
    mutrates = [0.005, 0.005, 0.005]
    operators = ['reverse'] # 'crossover', 'reverse', 'swap'

..................Start.........................
birthrate = 0.2 operator = reverse
Run: 0
The plot was saved into the TSPstart_GA_mutate_whole.png file.
Generation no:1
Best individual: <Individual chromosome="86 77 65 93 6 53 9 1 15 88 33 85 38 31 36 47 56 18 20 76 64 92 0 79 40 83 48 5 50 12 95 96 8 16 67 23 73 28 39 82 44 19 22 69 99 24 29 37 74 41 57 11 61 97 89 91 17 98 42 26 84 55 62 25 7 52 30 51 54 32 71 75 2 59 58 49 14 87 35 46 4 27 21 13 80 43 66 60 68 34 90 94 81 10 3 63 78 45 70 72" score=23062.882896579624>
Generation no:201
Best individual: <Individual chromosome="63 21 23 34 19 10 82 44 46 70 57 59 26 18 67 49 11 45 55 74 14 83 15 48 51 79 85 62 75 65 38 80 35 56 39 99 66 77 92 68 0 89 17 91 2 95 72 6 76 58 13 12 24 27 33 98 29 87 31 5 81 8 73 50 43 30 88 3 94 32 37 64 52 53 16 41 22 78 84 97 93 28 42 40 25 4 90 36 1 47 71 61 96 86 9 20 60 69 7 54" score=13580.66379765617>
Generation no:401
Best individual: <Individual chromosome="96 78 97 48 84 47 85 93 12 13 58 76 6 72 45 64 75 62 4 22 88 3 51 41 90 1 26 65 83 9 10 19 23 21 34 38 8 7 46 80 71 15 94 32 55 95 37 2 24 27 91 17 89 98 29 70 57 33 25 40 42 28 81 66 69 59 74 87 31 20 36 54 53 52 11 49 99 60 5 82 14 50 79 77 92 68 0 44 86 35 56 39 73 30 43 16 61 67 18 63" score=10504.314538242304>
Generation no:601
Best individual: <Individual chromosome="63 90 16 41 3 51 84 48 97 71 53 80 93 94 32 55 95 37 2 13 12 91 17 89 33 57 70 29 98 40 25 7 46 4 42 28 75 62 85 52 1 26 65 11 47 15 64 45 72 6 76 58 36 54 61 18 67 20 31 66 77 92 68 0 44 69 24 27 87 81 74 83 49 43 19 9 8 59 30 73 39 35 56 86 79 50 14 82 5 60 99 10 21 96 38 34 88 22 23 78" score=9490.136668840565>
Generation no:801
Best individual: <Individual chromosome="61 41 16 63 1 51 3 54 26 78 97 71 53 13 12 98 25 40 70 29 24 79 86 56 39 35 73 30 31 50 8 43 74 80 6 76 58 64 45 72 94 32 55 95 37 62 75 90 11 47 15 65 48 84 52 85 49 83 38 9 20 19 42 57 33 17 91 89 46 7 82 5 60 99 0 68 92 77 66 59 81 87 27 93 2 4 28 14 96 69 44 10 21 34 23 67 18 22 88 36" score=8809.442300860224>
..................Result.........................
<Individual chromosome="20 43 59 66 68 92 77 0 44 69 81 87 33 57 42 28 4 7 98 25 40 46 27 17 29 89 70 91 24 82 60 21 9 99 5 86 56 39 35 73 30 31 50 79 96 38 19 13 53 71 15 47 65 84 26 3 90 63 97 11 52 93 2 6 76 58 72 45 64 94 32 55 95 37 80 75 12 62 85 49 83 14 8 74 23 67 88 22 36 1 51 48 54 16 41 61 78 18 34 10" score=8116.052653130683>
The plot was saved into the TSPresult_GA_mutate_whole.png file.

Run: 1
The plot was saved into the TSPstart_GA_mutate_whole.png file.
Generation no:1
Best individual: <Individual chromosome="12 31 36 21 61 52 14 27 13 34 76 47 81 79 43 33 66 11 94 2 91 30 3 89 57 62 97 96 0 39 41 73 67 22 58 4 45 78 54 26 90 71 84 80 64 10 93 92 53 98 35 49 48 95 55 60 24 32 50 1 16 51 88 18 23 28 69 68 5 63 44 40 72 37 56 99 29 77 42 65 38 19 15 74 9 46 8 7 25 83 20 86 59 82 6 75 87 70 17 85" score=23119.539377880443>
Generation no:201
Best individual: <Individual chromosome="83 9 92 60 24 31 78 61 34 14 19 77 35 5 68 69 66 33 81 79 98 29 99 56 73 86 50 38 46 25 65 48 82 10 21 36 54 26 90 41 39 0 44 42 4 80 95 55 53 32 84 22 96 63 20 30 43 67 13 62 97 3 1 51 16 88 18 23 28 91 37 72 27 12 6 45 64 71 58 93 2 11 49 8 74 87 7 57 89 17 70 40 94 15 47 76 52 59 75 85" score=13630.862902385728>
Generation no:401
Best individual: <Individual chromosome="74 8 31 77 10 34 14 73 19 23 18 88 61 97 62 13 75 11 90 54 36 67 43 30 50 38 84 3 1 41 63 96 21 16 51 78 22 26 49 28 83 20 99 56 86 9 59 52 64 42 4 37 40 55 53 32 65 48 71 76 45 46 33 81 87 60 92 82 79 39 0 44 66 69 5 68 35 57 7 24 89 29 98 70 91 17 27 25 93 12 6 2 80 95 72 58 94 15 47 85" score=10422.003663963433>
Generation no:601
Best individual: <Individual chromosome="43 38 14 67 36 54 61 97 51 84 3 74 8 19 9 30 86 99 82 92 44 0 39 87 60 66 69 68 5 35 57 7 24 89 17 91 70 27 29 98 25 93 12 6 2 83 20 79 81 33 46 42 64 52 13 62 32 53 47 49 75 11 15 94 76 37 45 40 59 50 77 56 73 21 90 23 18 88 31 96 10 16 34 63 41 1 26 22 78 65 48 71 95 72 55 58 80 28 4 85" score=9301.50487714698>
Generation no:801
Best individual: <Individual chromosome="1 78 26 48 84 51 97 22 43 38 14 67 61 54 16 90 23 88 18 34 63 41 3 65 52 62 13 75 11 49 36 86 56 9 30 19 20 79 39 0 5 35 57 7 24 89 17 29 27 70 91 98 25 40 59 50 77 73 21 10 96 28 4 85 80 82 33 46 42 64 94 47 15 72 95 71 53 32 76 55 37 58 45 93 12 6 2 83 8 31 99 81 87 92 68 66 69 60 44 74" score=8639.016067733026>
..................Result.........................
<Individual chromosome="16 90 23 1 61 97 49 8 14 57 7 82 44 92 77 87 81 33 46 91 70 29 98 40 4 85 28 2 25 93 12 6 72 45 37 80 42 74 43 31 96 67 54 78 84 51 3 26 22 41 63 36 18 88 34 38 10 19 20 79 86 30 56 73 21 99 50 9 39 35 5 68 0 66 69 60 59 24 89 17 27 75 71 58 83 64 15 94 76 55 95 13 53 32 47 11 52 62 48 65" score=8221.585317485265>
The plot was saved into the TSPresult_GA_mutate_whole.png file.

Run: 2
The plot was saved into the TSPstart_GA_mutate_whole.png file.
Generation no:1
Best individual: <Individual chromosome="57 83 86 3 43 75 93 71 32 98 41 19 97 79 7 14 38 1 78 12 87 35 31 0 16 61 76 84 52 65 15 47 67 25 44 5 74 50 63 70 92 94 82 34 80 48 49 51 73 58 95 45 11 77 18 96 54 13 99 64 8 29 21 59 40 23 62 24 89 85 37 10 30 9 36 4 72 17 33 56 68 28 46 55 69 81 66 91 27 60 90 26 2 53 39 6 22 88 20 42" score=24133.55991230072>
Generation no:201
Best individual: <Individual chromosome="97 6 93 55 45 95 91 43 83 48 57 60 28 25 64 76 72 75 98 81 7 89 33 39 5 44 77 99 20 59 35 96 26 61 74 42 66 82 24 27 17 46 40 70 29 58 32 65 63 36 51 3 85 90 22 49 62 84 15 53 37 12 13 52 11 21 30 0 92 68 79 31 86 2 4 38 14 19 9 50 87 69 73 56 10 34 88 78 54 1 18 23 67 8 80 41 16 71 94 47" score=13453.754342726314>
Generation no:401
Best individual: <Individual chromosome="68 92 77 99 20 57 81 98 7 89 33 39 35 0 44 5 60 25 6 45 95 15 11 65 32 52 12 13 85 42 4 2 46 24 27 17 59 40 70 29 71 75 62 49 72 76 64 83 43 48 84 26 61 16 22 34 10 8 97 90 74 38 79 31 41 23 67 88 78 54 1 18 80 28 91 93 55 37 53 58 94 47 3 51 36 63 21 30 96 86 56 73 69 87 82 66 14 19 9 50" score=10997.328657227723>
Generation no:601
Best individual: <Individual chromosome="64 90 97 3 49 8 96 51 36 63 67 23 41 83 43 22 18 1 54 78 61 26 65 48 84 11 52 13 15 94 47 32 71 58 72 76 95 55 45 37 6 75 12 91 40 70 98 2 4 14 38 82 59 57 74 88 21 10 34 16 53 28 85 80 93 25 24 7 89 33 17 27 29 46 81 87 69 92 77 66 20 99 9 50 5 31 79 68 56 73 39 86 30 19 60 0 35 44 42 62" score=9560.89929010608>
Generation no:801
Best individual: <Individual chromosome="62 4 2 98 70 40 91 25 80 85 83 43 14 49 63 3 41 23 67 96 9 99 20 66 77 44 86 30 5 68 0 35 50 56 73 39 87 81 92 79 31 19 60 69 82 59 57 74 88 10 21 34 16 36 18 22 90 97 53 28 38 7 89 33 24 46 29 27 17 64 6 37 45 55 95 58 71 72 76 32 47 15 94 13 52 11 48 84 65 26 61 78 54 51 1 8 42 12 93 75" score=8661.607101578202>
..................Result.........................
<Individual chromosome="64 43 28 53 80 51 90 97 23 41 3 54 16 18 88 10 21 34 22 36 67 96 8 9 99 20 19 49 83 85 74 57 59 82 69 81 87 77 66 60 0 35 50 56 73 39 86 30 44 68 5 92 79 31 14 38 1 63 78 61 26 65 84 48 11 52 13 62 6 37 45 55 95 71 58 72 76 94 47 32 15 4 2 98 70 46 24 17 89 33 7 40 91 29 27 25 42 75 12 93" score=7842.051904262632>
The plot was saved into the TSPresult_GA_mutate_whole.png file.

Run: 3
The plot was saved into the TSPstart_GA_mutate_whole.png file.
Generation no:1
Best individual: <Individual chromosome="6 64 33 42 20 19 30 75 67 1 24 89 36 15 8 82 2 31 45 12 76 14 69 0 66 18 28 58 22 50 11 47 97 60 81 73 86 34 10 29 90 84 53 16 49 48 56 35 7 80 99 92 41 27 91 65 43 61 63 44 68 96 32 37 59 85 87 55 13 26 4 23 98 74 52 3 83 79 9 5 38 62 95 70 77 88 57 54 21 93 78 72 17 40 25 46 39 51 71 94" score=23195.57814765353>
Generation no:201
Best individual: <Individual chromosome="10 66 92 50 87 20 57 19 30 82 81 91 7 85 74 13 43 36 22 63 56 86 39 18 41 65 62 93 6 94 32 11 2 17 89 70 40 27 24 29 79 59 1 23 88 16 34 77 5 0 35 68 33 44 25 58 28 71 95 37 14 80 42 69 9 73 31 60 46 8 83 98 12 52 4 55 72 64 76 45 75 49 90 38 99 96 54 61 78 26 84 48 15 47 53 97 3 51 67 21" score=13222.325474230434>
Generation no:401
Best individual: <Individual chromosome="10 66 68 33 44 92 20 73 9 99 35 39 22 36 1 23 88 16 61 54 26 41 78 52 2 70 89 17 40 24 27 29 98 12 42 80 38 59 79 77 5 0 31 60 82 57 81 91 7 25 46 87 69 86 56 18 51 3 97 63 84 48 95 15 37 71 65 14 49 90 75 55 72 64 13 93 6 94 53 32 11 76 45 58 47 62 28 4 85 74 43 8 19 30 50 83 34 21 67 96" score=10635.323943846292>
Generation no:601
Best individual: <Individual chromosome="10 69 87 46 25 91 81 7 57 82 60 31 30 19 41 78 52 26 16 48 84 63 61 54 1 4 85 74 43 8 2 12 28 62 47 15 64 13 93 6 95 72 76 11 32 55 53 94 83 42 80 38 59 79 99 9 73 77 35 39 22 18 67 88 23 97 36 51 3 65 71 37 58 45 75 90 49 14 50 5 68 92 44 98 40 17 29 89 24 27 70 33 20 66 0 56 86 21 34 96" score=9424.490747390259>
Generation no:801
Best individual: <Individual chromosome="10 39 35 68 5 0 92 50 33 60 69 44 66 77 56 9 31 30 19 8 59 79 99 20 73 86 21 34 18 67 36 22 16 51 3 65 52 90 71 15 37 12 75 2 25 91 98 89 29 17 40 24 27 70 46 87 82 81 57 7 63 97 1 41 38 80 42 64 13 83 55 72 95 76 93 6 94 32 53 11 26 54 61 78 88 43 14 23 84 48 45 58 47 85 4 28 62 74 49 96" score=8607.645824613473>
..................Result.........................
<Individual chromosome="73 68 5 77 44 0 99 50 39 35 86 56 69 79 9 43 49 63 41 34 21 70 33 87 59 57 81 7 82 60 66 20 92 31 14 30 19 8 38 83 80 28 62 52 47 71 94 32 37 95 72 58 45 76 65 84 48 3 51 15 53 11 13 64 4 74 85 2 42 46 25 24 40 91 27 17 89 29 98 12 93 6 55 75 90 16 97 22 67 36 18 88 23 61 54 26 78 1 96 10" score=8144.753456636315>
The plot was saved into the TSPresult_GA_mutate_whole.png file.

Run: 4
The plot was saved into the TSPstart_GA_mutate_whole.png file.
Generation no:1
Best individual: <Individual chromosome="19 54 92 83 26 40 42 59 82 87 9 21 73 39 6 94 28 36 67 10 43 81 5 41 86 64 12 23 61 90 37 63 0 44 69 1 57 95 2 13 78 8 74 3 27 66 4 93 70 85 47 88 17 77 60 62 31 35 7 52 75 34 15 65 99 50 49 51 56 46 98 25 20 80 72 48 38 79 76 68 30 53 18 16 22 96 91 29 89 71 55 45 14 97 33 11 32 24 84 58" score=23708.714073460953>
Generation no:201
Best individual: <Individual chromosome="85 4 62 37 95 2 57 66 68 79 23 63 88 41 54 84 11 71 76 3 51 22 34 67 1 96 10 86 56 18 61 90 78 13 82 87 31 73 21 9 26 16 36 47 72 58 94 6 12 8 30 20 80 83 75 52 53 45 55 64 15 29 91 24 7 48 65 97 74 89 33 70 93 27 81 43 14 19 39 35 44 0 50 99 5 92 77 60 17 46 98 25 28 32 40 42 59 69 38 49" score=12613.032864261924>
Generation no:401
Best individual: <Individual chromosome="4 28 85 82 77 57 59 99 50 31 20 7 69 44 0 35 86 92 5 81 29 53 94 76 15 32 95 37 72 58 12 13 75 49 41 54 3 48 78 84 97 51 62 45 2 27 89 70 98 25 91 46 24 33 60 74 43 38 30 56 88 96 65 67 34 36 18 22 10 21 73 39 19 1 63 90 26 16 23 61 8 87 79 9 68 66 14 64 11 47 6 55 71 52 93 40 17 42 80 83" score=10289.674677099036>
Generation no:601
Best individual: <Individual chromosome="79 74 8 59 7 69 98 25 91 42 15 62 45 32 40 81 87 33 24 29 46 17 89 27 57 70 60 75 2 19 31 50 99 5 92 77 44 68 66 14 85 43 38 30 56 39 0 35 86 73 21 34 96 88 67 16 26 54 41 22 61 23 10 9 49 78 84 51 53 72 58 95 37 12 13 76 94 55 71 52 93 6 97 1 18 36 63 90 3 48 65 47 11 64 28 83 80 4 82 20" score=9437.414164397827>
Generation no:801
Best individual: <Individual chromosome="57 17 89 91 70 29 46 24 33 87 81 69 60 27 25 98 40 2 7 59 79 8 74 47 65 48 3 90 41 54 26 16 22 61 36 63 23 34 96 88 67 21 73 86 35 68 44 77 92 5 99 50 31 19 42 28 83 52 71 72 80 64 43 38 30 56 39 0 66 20 82 4 15 32 94 55 6 93 12 13 45 53 84 51 97 1 18 10 9 78 11 75 85 62 37 95 58 76 49 14" score=8656.94243551265>
..................Result.........................
<Individual chromosome="57 17 91 24 46 29 2 40 98 25 70 27 89 81 87 33 77 44 68 35 86 73 21 67 88 96 34 18 10 9 49 14 74 47 65 48 3 90 41 54 26 16 61 22 36 63 23 1 97 84 51 78 11 75 45 64 80 72 71 52 83 28 4 42 37 95 76 58 6 53 94 55 32 15 62 13 12 93 85 43 38 30 56 39 0 66 5 92 60 69 7 59 79 8 99 50 31 20 19 82" score=8040.1529209338805>
The plot was saved into the TSPresult_GA_mutate_whole.png file.

Run: 5
The plot was saved into the TSPstart_GA_mutate_whole.png file.
Generation no:1
Best individual: <Individual chromosome="78 67 26 35 23 15 14 46 25 89 24 98 33 53 32 9 73 57 1 79 82 45 3 20 77 86 30 31 13 10 64 47 93 2 97 36 11 90 95 62 27 91 65 48 94 16 50 38 8 80 34 99 58 41 28 29 70 22 6 4 71 51 19 60 66 54 69 74 49 42 40 76 96 39 17 63 0 56 5 18 61 84 87 92 52 68 37 72 55 88 81 7 85 44 59 43 12 75 21 83" score=23091.25493213514>
Generation no:201
Best individual: <Individual chromosome="63 1 52 37 25 46 42 4 10 69 74 49 28 85 44 59 43 38 34 21 99 31 5 0 56 14 50 35 68 92 87 8 80 7 81 91 33 20 77 86 96 30 39 73 9 2 70 29 13 58 76 40 82 79 67 26 71 53 32 15 65 48 90 11 36 16 41 54 95 45 3 88 78 97 51 64 83 75 62 27 17 89 24 98 93 94 19 55 47 84 61 18 23 22 66 60 72 57 6 12" score=14548.565180286058>
Generation no:401
Best individual: <Individual chromosome="52 95 76 37 6 45 51 11 83 75 84 61 18 34 22 21 39 19 85 28 32 15 53 71 58 62 80 4 42 38 1 41 43 96 30 86 44 0 5 77 99 20 8 31 50 35 66 9 73 56 10 59 69 33 27 29 57 81 46 17 70 91 89 24 98 93 55 65 48 90 54 36 16 78 26 3 97 74 63 23 88 67 14 87 60 79 82 92 68 7 2 12 72 94 49 25 40 13 47 64" score=10562.241422079145>
Generation no:601
Best individual: <Individual chromosome="12 72 45 37 52 3 54 41 1 14 61 78 16 43 38 23 34 96 67 26 36 21 73 87 60 69 70 33 25 27 29 24 98 28 85 74 81 57 20 99 77 5 0 86 56 35 68 82 92 79 4 80 64 83 75 40 46 17 89 91 93 2 42 59 7 49 8 31 50 19 9 44 66 39 30 10 88 22 18 63 90 51 84 47 11 97 53 94 71 65 48 13 95 58 62 15 32 76 55 6" score=9447.168844556836>
Generation no:801
Best individual: <Individual chromosome="80 83 75 64 40 46 24 27 25 33 70 69 60 87 82 0 68 35 56 86 39 66 44 5 92 9 19 14 21 73 30 16 78 61 36 26 67 96 34 1 41 54 3 52 37 45 72 58 55 95 76 65 48 13 71 94 53 47 11 97 84 51 85 28 98 29 17 89 91 93 2 42 81 57 74 90 63 18 22 88 10 43 38 23 49 8 31 50 59 7 20 99 77 79 4 12 6 15 32 62" score=8780.130570791676>
..................Result.........................
<Individual chromosome="51 84 72 58 55 95 37 76 45 53 47 11 52 94 71 13 48 62 74 57 81 28 85 80 83 64 75 93 2 42 40 91 89 17 29 98 46 24 25 27 33 70 69 60 87 82 0 68 35 56 86 39 66 44 5 92 9 19 10 21 73 30 23 61 36 26 67 96 34 88 22 18 49 78 90 63 16 3 97 65 54 41 1 14 43 38 8 31 50 59 20 7 99 77 79 4 12 6 15 32" score=8342.775581296362>
The plot was saved into the TSPresult_GA_mutate_whole.png file.

Run: 6
The plot was saved into the TSPstart_GA_mutate_whole.png file.
Generation no:1
Best individual: <Individual chromosome="96 0 36 9 90 94 70 32 23 78 62 34 27 80 42 22 12 59 85 88 43 53 72 49 7 84 31 57 4 75 39 60 97 16 10 14 40 55 71 45 28 74 26 8 79 51 21 52 6 13 20 81 50 86 99 82 33 58 67 41 65 89 87 30 61 35 48 24 91 46 18 5 3 73 63 64 66 19 98 69 77 29 68 17 95 76 93 25 2 83 47 38 37 15 1 54 11 44 92 56" score=23314.349987691196>
Generation no:201
Best individual: <Individual chromosome="9 31 61 43 85 28 49 97 4 34 81 29 17 46 98 89 40 33 92 44 39 35 88 22 36 99 5 60 69 96 59 7 24 87 30 56 86 73 50 19 20 79 93 95 76 37 25 91 12 45 62 42 14 10 38 80 83 8 64 32 72 71 58 75 74 2 27 70 21 68 0 67 16 78 82 77 66 57 55 11 52 65 6 53 47 94 13 84 54 26 90 1 41 23 63 15 48 51 3 18" score=13007.287881462336>
Generation no:401
Best individual: <Individual chromosome="38 74 4 58 6 11 53 12 45 62 15 71 95 76 37 55 48 51 3 18 10 61 19 22 88 31 50 73 86 56 36 99 5 60 30 9 68 0 44 92 8 14 34 21 26 78 16 1 90 65 84 54 23 63 41 67 96 69 87 24 70 27 2 83 80 97 32 64 13 94 47 25 91 93 75 72 52 42 59 57 33 89 40 98 46 17 29 81 7 49 43 85 28 79 20 39 35 66 77 82" score=10629.308656865118>
Generation no:601
Best individual: <Individual chromosome="41 67 96 34 18 88 19 79 28 85 12 45 62 75 64 13 4 61 3 22 36 21 10 31 59 57 7 8 39 35 0 68 60 5 66 99 30 9 56 86 73 50 51 48 55 37 76 95 6 58 94 47 71 15 72 93 2 97 38 83 80 42 52 11 32 53 14 82 20 77 69 87 24 70 46 17 29 89 40 98 27 25 91 33 92 44 81 74 49 43 84 65 54 23 63 90 1 26 78 16" score=9266.643220799695>
Generation no:801
Best individual: <Individual chromosome="88 16 61 26 1 90 23 63 22 36 41 3 51 48 78 97 43 65 84 38 83 4 13 64 49 19 9 50 5 87 24 70 46 17 29 91 25 27 98 40 89 33 92 44 69 77 20 82 81 42 28 85 12 45 62 75 93 52 94 47 53 32 11 58 71 15 72 55 95 76 37 6 2 80 74 60 68 0 56 86 73 30 99 66 39 35 79 59 57 7 8 31 14 34 96 21 10 54 67 18" score=8580.376297891484>
..................Result.........................
<Individual chromosome="22 88 63 23 90 1 78 26 41 3 51 48 97 16 61 36 21 10 96 34 54 84 65 52 93 75 62 64 13 4 80 74 2 6 95 55 72 11 32 53 71 47 76 37 58 45 12 98 27 25 91 29 17 46 70 24 87 8 79 56 0 68 44 92 5 50 35 39 66 99 77 69 60 33 89 40 81 82 59 57 83 7 20 30 73 86 9 19 31 14 43 38 85 28 42 94 15 49 67 18" score=7879.884152644785>
The plot was saved into the TSPresult_GA_mutate_whole.png file.

Run: 7
The plot was saved into the TSPstart_GA_mutate_whole.png file.
Generation no:1
Best individual: <Individual chromosome="76 95 3 73 21 20 19 14 64 47 10 30 2 0 74 82 45 37 43 22 54 16 69 75 78 51 96 94 65 79 83 25 41 26 8 34 48 71 53 40 93 23 67 46 57 77 1 84 86 61 44 38 85 98 36 18 27 32 81 49 12 31 99 56 9 5 35 55 17 90 15 50 97 72 59 63 91 89 33 66 68 42 13 4 88 24 60 28 39 87 62 80 29 70 6 92 7 58 52 11" score=23370.513391795514>
Generation no:201
Best individual: <Individual chromosome="13 95 71 55 12 62 59 33 60 82 77 92 44 79 31 88 56 57 29 6 65 84 54 51 45 58 72 49 43 1 41 90 18 78 96 8 97 23 28 52 85 0 35 81 39 86 34 16 22 63 26 3 4 42 25 40 98 83 30 66 89 91 27 7 80 15 47 2 38 36 61 76 53 32 37 93 75 74 14 20 99 9 73 5 68 69 87 17 24 70 46 10 50 67 21 19 64 94 48 11" score=13262.653004684438>
Generation no:401
Best individual: <Individual chromosome="11 62 98 40 25 42 4 12 55 71 53 32 37 93 43 49 90 67 36 38 88 30 35 0 9 73 56 92 44 79 31 77 82 60 46 70 24 17 81 39 86 96 85 52 28 74 14 20 99 66 5 68 69 87 8 19 50 10 57 59 83 2 75 6 51 54 23 61 1 18 78 34 21 41 16 22 63 26 3 15 80 7 27 91 89 33 29 45 58 72 47 64 94 48 97 84 65 13 95 76" score=10640.530969820795>
Generation no:601
Best individual: <Individual chromosome="13 65 54 84 97 23 41 90 78 61 22 16 34 21 67 18 36 63 1 26 8 9 86 96 38 50 73 35 30 56 39 0 5 68 69 82 60 99 66 81 87 77 31 20 79 44 92 10 88 19 64 83 42 25 98 33 46 70 24 17 29 12 62 40 89 91 27 7 57 59 14 74 28 52 94 15 48 47 51 3 43 49 4 11 55 71 53 32 37 93 85 80 75 45 2 6 76 95 72 58" score=8993.808291101952>
Generation no:801
Best individual: <Individual chromosome="2 7 57 59 82 69 44 77 87 35 73 50 31 79 20 66 81 8 19 43 49 3 51 47 48 65 94 54 84 97 23 78 90 41 61 22 16 34 21 67 18 36 63 1 26 88 10 9 86 96 38 30 56 39 0 5 68 92 99 60 14 74 28 85 83 42 27 91 89 40 62 13 64 80 75 45 71 58 53 72 95 76 6 15 52 11 55 32 37 93 12 29 17 24 70 46 33 98 25 4" score=8401.39798745512>
..................Result.........................
<Individual chromosome="37 53 72 95 71 65 94 15 32 47 84 54 51 3 90 78 67 18 22 36 61 63 43 49 41 16 26 97 23 1 48 13 11 52 2 7 59 57 82 81 66 20 68 5 0 39 56 73 35 77 44 92 99 30 31 79 50 9 10 88 86 38 96 21 34 19 8 4 28 74 14 60 69 87 42 40 89 29 17 24 70 46 33 27 25 98 91 12 62 64 75 80 85 83 45 58 76 6 93 55" score=7842.770614717148>
The plot was saved into the TSPresult_GA_mutate_whole.png file.

Run: 8
The plot was saved into the TSPstart_GA_mutate_whole.png file.
Generation no:1
Best individual: <Individual chromosome="11 35 32 73 6 22 69 14 7 60 89 59 74 92 25 28 24 58 20 98 41 42 71 19 10 70 55 15 76 95 27 29 50 3 34 96 39 9 86 75 8 54 38 47 52 2 62 48 57 18 67 16 13 31 79 40 33 84 49 23 83 94 72 1 81 63 97 85 43 80 78 4 66 56 45 37 46 12 30 87 17 88 36 21 0 65 90 93 64 53 51 61 26 44 68 5 77 91 82 99" score=23041.4730332535>
Generation no:201
Best individual: <Individual chromosome="9 34 86 39 96 49 23 8 38 30 43 80 18 67 16 41 56 92 24 4 78 25 98 97 63 61 26 44 19 10 60 89 27 70 46 2 62 6 95 55 15 65 90 37 45 32 93 64 71 42 17 29 91 69 82 99 50 35 77 5 68 0 73 21 36 88 87 66 33 40 85 57 79 31 28 74 81 20 59 7 14 1 22 48 52 47 53 11 13 12 58 76 72 94 54 51 84 3 83 75" score=13061.638753529578>
Generation no:401
Best individual: <Individual chromosome="86 39 96 8 38 20 59 10 34 54 99 82 69 44 77 5 68 0 73 21 36 88 22 18 67 16 41 1 43 78 49 23 90 65 71 35 50 92 24 98 27 70 46 89 40 17 29 91 2 62 75 6 58 12 93 15 55 95 37 45 28 83 42 85 74 61 63 97 26 48 51 84 3 52 47 11 94 72 76 32 53 14 7 60 81 87 25 4 80 13 64 66 33 57 79 31 56 19 30 9" score=10277.00969947829>
Generation no:601
Best individual: <Individual chromosome="54 64 75 93 12 83 28 35 69 82 99 50 79 31 25 87 24 98 40 89 27 70 46 17 29 91 2 85 42 6 45 72 76 53 32 15 55 95 37 58 13 90 65 71 94 62 74 14 23 11 49 96 39 86 92 66 7 57 33 59 20 38 8 10 34 21 36 88 22 18 67 16 41 1 43 19 30 9 56 73 0 68 5 44 77 60 81 80 4 47 52 84 3 78 26 48 51 97 61 63" score=8921.488037199424>
Generation no:801
Best individual: <Individual chromosome="67 22 18 88 36 34 21 10 8 38 20 31 50 99 66 92 69 96 41 1 43 19 30 9 56 73 35 5 68 0 79 82 86 39 44 77 60 81 7 57 59 33 27 89 98 40 70 25 87 24 46 17 29 91 4 62 71 94 58 45 76 53 32 15 55 95 37 13 72 6 42 85 2 64 75 93 12 83 28 80 11 49 74 23 14 3 78 26 48 16 54 65 90 84 51 47 52 97 63 61" score=8278.879908342924>
..................Result.........................
<Individual chromosome="22 18 34 36 41 1 21 10 88 67 43 19 96 31 30 9 56 73 35 5 68 0 92 77 60 69 82 66 44 39 86 59 8 38 20 99 50 79 81 7 57 33 70 40 98 25 27 89 87 24 46 17 29 91 2 14 16 54 78 26 97 47 11 49 74 62 4 85 42 83 28 80 23 71 94 58 72 32 15 55 76 45 13 37 95 53 6 12 93 75 64 52 48 51 84 90 65 3 63 61" score=8063.299952650341>
The plot was saved into the TSPresult_GA_mutate_whole.png file.

Run: 9
The plot was saved into the TSPstart_GA_mutate_whole.png file.
Generation no:1
Best individual: <Individual chromosome="34 64 11 41 72 66 80 92 1 63 36 70 35 0 56 39 87 68 49 78 58 90 54 84 57 83 38 96 82 55 71 44 65 5 85 24 2 18 60 27 46 4 29 8 19 10 15 74 23 42 86 13 61 67 26 14 75 53 77 88 32 76 37 40 69 73 12 51 95 97 16 3 22 30 50 33 45 79 59 94 6 47 21 9 99 20 48 98 28 91 81 43 52 62 89 31 17 25 93 7" score=23546.467015356>
Generation no:201
Best individual: <Individual chromosome="50 18 22 36 19 49 74 88 67 61 1 51 3 16 97 78 84 54 23 48 47 13 63 10 21 73 82 96 38 60 69 66 79 59 77 92 35 0 56 39 86 5 57 28 85 7 2 24 68 87 44 71 55 95 53 75 94 52 64 62 83 26 14 43 93 40 70 12 98 27 46 25 45 72 11 37 76 32 15 58 90 41 33 29 17 81 30 4 8 20 99 9 31 89 91 42 80 6 65 34" score=13096.75033802275>
Generation no:401
Best individual: <Individual chromosome="50 18 22 36 34 79 66 69 5 9 31 8 41 90 19 10 21 96 88 67 61 3 65 48 58 11 62 64 13 83 32 76 37 71 55 95 53 45 72 15 47 26 16 1 51 23 54 84 78 97 63 52 94 12 42 91 89 24 28 85 75 25 93 6 80 74 49 14 43 30 68 87 44 35 0 73 86 39 56 82 98 27 46 40 70 7 2 4 29 17 81 57 59 38 60 33 20 92 77 99" score=10556.065965904369>
Generation no:601
Best individual: <Individual chromosome="38 8 5 56 9 79 68 39 86 73 31 19 96 30 10 88 74 49 83 11 45 95 55 72 58 6 37 76 32 71 13 62 85 75 80 51 3 64 52 94 15 53 47 65 48 16 26 21 35 0 66 44 69 60 82 77 92 99 57 81 17 24 33 87 59 20 50 67 61 23 54 84 78 97 63 1 34 36 22 18 41 90 98 91 40 12 42 25 46 93 2 4 29 89 27 70 7 14 43 28" score=8864.085963030764>
Generation no:801
Best individual: <Individual chromosome="14 43 63 1 78 97 61 36 34 9 0 35 5 68 39 86 73 31 19 79 50 20 77 92 99 57 81 17 24 33 87 60 82 59 69 44 66 56 21 26 16 54 51 3 64 47 94 55 95 45 11 52 75 80 98 46 7 2 12 42 93 40 91 25 70 27 89 29 28 4 49 74 48 65 84 90 15 53 71 32 76 72 58 6 37 62 13 83 85 23 88 10 30 41 67 22 18 96 8 38" score=8173.239378457575>
..................Result.........................
<Individual chromosome="43 14 90 47 94 83 37 6 58 72 76 32 53 15 97 48 65 84 3 51 54 16 63 1 23 26 36 61 22 67 41 18 34 21 56 66 44 69 60 82 59 87 33 29 91 25 40 89 27 80 85 62 13 71 55 95 45 12 93 75 64 4 52 11 2 7 46 70 98 42 28 24 17 81 57 99 92 77 20 50 79 19 31 73 86 39 68 5 35 0 9 10 88 30 96 38 74 78 49 8" score=8015.694223135564>
The plot was saved into the TSPresult_GA_mutate_whole.png file.

AVERAGE ON RUNS =%.02f 8050.9020776892985
..................End.........................

..................Start.........................
birthrate = 0.3 operator = reverse
Run: 0
The plot was saved into the TSPstart_GA_mutate_whole.png file.
Generation no:1
Best individual: <Individual chromosome="26 28 30 60 87 82 49 52 35 22 51 78 38 7 23 24 96 98 71 16 81 57 20 83 58 55 61 4 86 10 47 68 46 80 64 29 67 72 37 15 45 32 33 91 12 13 50 34 36 59 31 79 62 97 73 27 75 2 95 94 85 21 1 43 17 53 99 66 77 0 9 48 11 65 25 6 8 69 56 3 93 63 84 74 54 14 18 19 39 44 40 89 90 88 42 92 5 70 76 41" score=23102.886767306685>
Generation no:201
Best individual: <Individual chromosome="54 18 36 34 86 10 68 44 39 19 50 9 56 69 7 82 87 60 99 66 77 0 5 92 83 3 48 16 47 71 6 93 76 94 53 95 32 52 14 42 49 51 62 79 31 22 38 78 97 26 41 67 96 27 40 89 91 12 13 85 4 28 59 74 80 64 30 24 55 58 37 72 15 90 81 57 33 2 75 70 46 29 17 43 35 73 20 21 1 65 11 25 98 45 61 23 8 88 63 84" score=13402.342980391257>
Generation no:401
Best individual: <Individual chromosome="14 56 19 43 62 93 6 71 47 98 25 24 33 27 17 91 89 40 80 57 81 87 44 50 99 49 83 20 60 70 46 29 4 72 15 32 76 94 95 58 13 2 12 42 28 48 75 64 55 37 52 3 51 78 97 90 26 54 16 36 88 96 67 41 63 1 21 10 69 85 53 45 11 65 84 61 18 34 35 73 8 23 38 82 39 68 86 22 59 30 9 31 79 74 7 5 92 0 77 66" score=11195.031089728247>
Generation no:601
Best individual: <Individual chromosome="62 28 52 47 32 15 72 37 55 64 75 78 51 3 71 94 95 58 13 93 76 6 2 12 7 14 79 56 44 21 10 59 43 49 48 74 19 31 20 87 81 57 66 68 86 5 92 0 77 39 60 33 17 91 89 40 29 46 70 27 24 25 98 42 26 16 54 36 88 84 65 11 45 53 85 83 82 69 50 96 67 1 63 8 73 35 99 30 9 38 97 90 61 41 23 34 22 18 4 80" score=10455.299327735547>
Generation no:801
Best individual: <Individual chromosome="7 74 62 38 22 97 9 66 77 60 20 31 30 0 92 5 35 59 69 50 99 44 87 81 57 79 8 82 39 68 86 34 18 67 41 23 88 96 56 14 10 21 73 43 49 80 11 47 13 58 95 94 65 90 78 51 3 1 4 28 42 85 12 2 37 72 52 71 45 53 24 27 29 89 91 17 33 70 98 25 40 93 6 76 32 15 55 64 75 83 48 36 16 54 26 84 61 63 19 46" score=10025.963734121611>
..................Result.........................
<Individual chromosome="7 42 57 81 87 69 44 99 31 20 50 21 34 18 38 10 22 54 16 36 3 63 41 67 26 61 84 97 4 47 94 95 75 58 55 65 90 23 78 1 12 28 11 85 2 64 13 32 15 76 53 52 74 96 88 79 8 43 49 80 83 48 51 19 9 30 77 60 82 66 0 92 5 86 73 39 35 68 56 59 14 62 71 45 72 37 6 93 17 91 89 70 24 33 29 27 25 98 46 40" score=9660.766067801873>
The plot was saved into the TSPresult_GA_mutate_whole.png file.

Run: 1
The plot was saved into the TSPstart_GA_mutate_whole.png file.
Generation no:1
Best individual: <Individual chromosome="99 5 20 44 65 84 66 55 1 22 3 47 34 56 61 38 67 26 51 35 33 77 98 69 82 40 27 93 90 10 87 13 48 83 52 39 23 97 72 64 14 94 95 25 75 17 37 45 12 41 18 96 32 71 58 59 28 8 31 74 19 30 43 50 15 0 60 4 88 79 89 92 21 73 7 29 63 78 11 54 76 81 53 80 36 6 91 62 70 2 16 57 86 49 42 46 68 85 24 9" score=23115.57566483822>
Generation no:201
Best individual: <Individual chromosome="55 64 12 62 40 29 89 98 2 4 13 45 17 70 24 60 22 9 73 56 50 92 26 63 10 16 21 18 36 84 97 5 0 39 86 34 19 14 33 38 47 11 74 76 52 90 69 82 66 20 43 3 54 41 67 78 1 48 71 32 85 37 65 94 79 96 23 61 88 28 59 27 91 72 95 58 6 93 25 46 35 68 44 99 30 8 80 83 75 42 49 15 53 51 57 81 87 77 31 7" score=13901.595092583051>
Generation no:401
Best individual: <Individual chromosome="14 31 57 46 98 89 29 40 11 80 74 21 67 49 51 97 43 92 50 9 73 56 22 16 26 63 10 60 82 69 66 38 47 53 42 75 95 72 58 6 93 25 87 59 91 27 2 4 13 15 20 33 7 77 81 70 24 17 62 83 28 85 52 45 76 37 55 12 64 90 36 84 78 41 54 3 34 19 8 30 99 44 68 35 86 39 0 5 79 23 94 65 32 71 48 1 18 96 61 88" score=11821.251273016242>
Generation no:601
Best individual: <Individual chromosome="47 51 97 43 74 4 2 98 89 27 70 81 25 93 53 94 65 32 58 72 6 95 71 15 11 80 85 62 83 28 19 8 30 99 44 79 5 0 39 86 35 68 69 66 38 10 20 12 64 55 37 76 45 52 59 87 24 91 40 29 46 57 31 14 90 36 84 54 41 78 3 63 21 67 49 75 42 13 48 1 26 16 22 88 61 18 96 34 9 73 56 50 92 60 82 7 33 17 77 23" score=10689.617382279173>
Generation no:801
Best individual: <Individual chromosome="70 24 27 89 40 33 87 44 99 77 69 66 82 20 60 42 80 28 26 71 75 12 93 37 32 48 78 1 88 96 50 31 30 19 97 3 10 86 0 5 39 92 35 68 56 73 34 74 85 62 64 43 79 9 22 16 36 65 94 47 11 90 41 38 21 18 63 84 54 61 51 23 67 52 76 15 53 13 55 72 95 58 6 2 45 83 49 14 8 57 59 81 17 91 29 98 7 4 46 25" score=10217.667816205341>
..................Result.........................
<Individual chromosome="25 46 74 85 62 80 42 18 21 67 23 51 90 11 94 47 65 1 3 97 48 78 54 84 61 41 38 83 43 30 8 4 32 37 45 2 6 93 64 28 26 71 13 53 15 75 12 58 95 72 76 55 52 49 59 87 33 20 60 63 36 16 22 10 86 68 92 35 39 5 0 56 73 34 88 96 50 31 14 19 9 79 57 7 40 82 66 69 44 99 77 81 27 17 91 89 98 29 24 70" score=9916.495445550232>
The plot was saved into the TSPresult_GA_mutate_whole.png file.

Run: 2
The plot was saved into the TSPstart_GA_mutate_whole.png file.
Generation no:1
Best individual: <Individual chromosome="18 74 20 16 86 39 92 1 97 64 12 43 22 48 85 33 40 34 96 35 91 80 76 59 78 38 56 73 84 61 63 55 41 15 89 42 8 66 95 45 3 67 46 26 6 58 93 52 65 37 4 83 11 75 62 25 23 60 70 29 14 7 24 50 47 31 90 87 98 27 54 30 68 9 57 69 32 94 81 49 36 2 72 77 53 28 71 82 88 51 17 19 99 79 44 21 5 0 10 13" score=23366.819977237767>
Generation no:201
Best individual: <Individual chromosome="55 72 37 43 35 0 19 10 69 77 93 62 95 45 76 58 32 64 2 91 44 24 78 54 28 23 82 18 42 80 17 27 33 29 89 74 25 40 98 60 68 14 52 6 71 65 67 90 22 36 50 34 61 41 63 16 88 96 9 92 5 39 56 31 87 7 46 70 81 59 30 66 20 4 47 75 83 57 86 73 99 21 51 3 48 1 13 12 15 94 84 97 38 26 8 79 85 49 11 53" score=14421.132358370629>
Generation no:401
Best individual: <Individual chromosome="43 19 23 7 66 44 69 77 99 92 5 39 56 86 73 35 68 60 87 42 74 83 62 93 59 67 14 31 9 82 57 48 97 90 49 85 96 36 22 1 16 88 50 20 4 37 53 11 52 76 47 84 94 15 12 71 65 6 45 95 72 55 75 58 32 89 29 33 40 25 27 91 46 70 64 80 28 2 24 17 81 98 18 0 10 61 41 63 38 34 21 13 3 51 54 78 26 30 79 8" score=11855.03289788302>
Generation no:601
Best individual: <Individual chromosome="20 99 38 63 41 61 23 97 48 15 94 51 3 13 85 19 50 77 69 44 66 92 5 39 56 86 73 35 68 60 31 9 79 30 18 88 16 76 47 84 54 78 26 1 22 36 96 90 21 34 7 43 0 10 49 83 74 28 80 75 58 53 95 72 55 52 11 32 71 65 4 37 45 6 70 46 91 27 2 24 17 81 33 29 89 12 42 25 40 98 64 62 93 59 67 14 8 57 87 82" score=10528.72351229094>
Generation no:801
Best individual: <Individual chromosome="85 58 53 11 52 55 95 6 45 37 72 94 15 76 16 88 10 22 63 41 61 23 1 90 65 84 47 12 27 2 33 59 38 34 21 96 36 18 3 51 54 78 26 97 48 80 75 4 13 32 71 28 42 25 40 93 62 83 74 70 46 91 89 29 24 17 81 98 64 87 99 19 43 7 20 69 66 44 92 5 39 31 14 67 49 82 57 50 0 35 68 60 77 86 56 73 30 9 79 8" score=10113.8325097799>
..................Result.........................
<Individual chromosome="22 88 51 3 54 61 43 16 26 78 38 86 56 39 35 68 92 5 77 20 19 36 18 23 1 90 97 65 48 47 12 27 89 29 24 17 91 46 25 93 80 2 62 83 74 70 40 6 45 37 72 95 55 76 85 52 11 13 4 75 64 53 58 15 94 71 32 98 81 33 87 99 69 7 42 28 34 67 49 84 41 63 10 96 21 59 60 44 66 50 0 31 8 79 57 82 14 73 9 30" score=9690.1058844927>
The plot was saved into the TSPresult_GA_mutate_whole.png file.

Run: 3
The plot was saved into the TSPstart_GA_mutate_whole.png file.
Generation no:1
Best individual: <Individual chromosome="13 47 88 21 69 64 38 0 86 19 97 68 17 71 52 98 18 96 1 81 34 99 41 25 4 42 94 3 65 62 27 33 46 15 22 73 24 14 49 91 85 54 74 89 82 92 35 55 67 56 20 40 48 63 58 76 11 84 37 45 51 78 32 57 7 70 50 23 31 5 30 10 29 44 90 6 43 79 39 80 93 36 59 61 28 53 8 9 16 60 83 66 26 75 77 87 95 72 2 12" score=23835.46925395411>
Generation no:201
Best individual: <Individual chromosome="94 55 95 13 23 97 96 22 88 41 3 4 42 7 21 73 92 0 56 86 65 34 90 61 10 82 5 68 39 66 77 33 60 69 70 87 35 57 45 58 25 29 28 12 93 64 9 17 27 91 37 15 6 76 11 84 1 8 49 36 16 26 63 18 67 54 78 43 14 59 89 46 98 2 38 83 85 80 79 74 44 50 99 81 24 48 51 19 30 31 20 40 75 32 47 72 53 52 62 71" score=13825.710759990061>
Generation no:401
Best individual: <Individual chromosome="72 37 58 45 83 85 2 4 8 74 36 41 3 48 52 53 47 32 15 23 7 79 19 14 99 66 0 9 50 44 10 38 49 70 87 17 27 40 25 33 77 92 68 82 22 88 34 1 97 98 46 89 29 59 28 57 80 43 62 71 13 11 76 64 93 6 42 75 12 16 21 39 35 5 60 91 24 81 20 31 56 69 73 86 67 18 63 26 65 84 61 90 51 96 30 78 54 94 55 95" score=11912.512347047865>
Generation no:601
Best individual: <Individual chromosome="80 32 94 72 6 42 4 9 50 56 39 86 73 0 92 10 21 84 61 16 22 88 18 36 67 78 3 63 26 41 51 83 7 57 14 38 98 40 25 33 24 89 27 17 91 70 79 82 69 8 34 48 54 65 15 71 93 64 53 76 95 52 55 37 58 45 47 13 11 85 62 75 1 59 19 96 23 74 43 30 87 77 66 44 20 31 35 68 5 60 29 28 12 2 46 81 99 49 97 90" score=10616.086518696808>
Generation no:801
Best individual: <Individual chromosome="90 65 97 1 13 11 52 49 55 45 37 47 53 76 95 58 15 71 64 93 85 62 75 6 72 94 32 98 25 40 33 24 89 70 91 29 27 17 2 12 4 42 14 38 19 30 44 92 0 73 86 39 9 50 56 82 79 77 66 99 96 21 10 18 3 78 67 36 61 16 48 34 8 69 28 83 80 74 43 59 87 7 57 81 46 60 5 68 35 31 20 88 22 84 23 54 26 51 41 63" score=9568.551807151196>
..................Result.........................
<Individual chromosome="36 23 48 51 63 54 61 26 84 78 3 16 97 1 65 90 75 62 14 38 19 99 86 73 56 44 30 60 69 7 81 57 28 85 2 98 25 40 33 24 89 70 91 29 27 17 37 45 72 94 47 52 49 53 32 11 42 12 13 6 55 76 95 15 58 71 64 93 4 74 80 83 46 8 59 77 66 50 79 20 87 82 9 39 92 0 5 68 35 31 43 34 67 22 88 96 21 10 18 41" score=9360.694248136031>
The plot was saved into the TSPresult_GA_mutate_whole.png file.

Run: 4
The plot was saved into the TSPstart_GA_mutate_whole.png file.
Generation no:1
Best individual: <Individual chromosome="19 66 83 47 95 69 63 97 81 34 57 79 22 31 25 21 55 72 51 3 13 1 28 64 37 65 53 33 89 58 77 73 52 11 88 90 61 85 59 32 98 74 46 60 40 45 17 39 44 99 54 49 67 94 6 84 48 78 93 4 7 35 36 86 50 96 12 24 91 29 26 87 15 20 18 23 8 16 41 5 70 14 62 27 42 0 10 76 43 2 75 38 68 82 80 30 92 71 56 9" score=23837.157905937413>
Generation no:201
Best individual: <Individual chromosome="30 35 5 59 10 43 8 78 28 65 84 90 51 34 73 82 77 70 25 24 44 31 9 50 60 99 23 1 96 61 36 54 48 62 11 4 42 85 41 20 66 0 86 92 14 27 29 13 52 45 89 17 33 46 81 74 68 80 58 76 83 64 47 6 72 3 49 37 53 94 32 16 63 18 21 95 75 93 71 15 55 12 67 88 22 26 97 38 19 79 69 7 2 40 91 98 87 57 39 56" score=14085.593751774171>
Generation no:401
Best individual: <Individual chromosome="86 10 21 56 35 0 5 68 66 44 82 60 77 69 24 91 40 62 67 8 14 18 22 88 97 3 47 38 74 36 61 16 51 84 48 83 50 99 39 9 73 96 34 41 90 54 63 1 23 78 26 43 19 79 31 87 81 46 59 92 30 20 7 33 29 70 25 58 37 32 94 52 80 75 95 13 42 93 64 53 72 17 89 27 2 28 98 76 55 71 15 45 6 49 65 11 12 4 85 57" score=10700.339032715247>
Generation no:601
Best individual: <Individual chromosome="59 57 50 56 39 99 60 82 44 66 68 5 0 35 86 10 8 14 31 85 4 81 87 46 98 2 28 80 27 89 17 70 7 69 24 33 77 79 74 38 47 43 19 36 34 96 73 9 1 63 97 88 22 18 3 26 78 23 21 67 30 20 92 29 25 58 37 32 94 55 76 52 64 53 91 40 62 75 6 49 90 41 61 16 51 84 48 65 54 71 15 45 72 95 13 11 83 12 93 42" score=10185.412795279195>
Generation no:801
Best individual: <Individual chromosome="46 92 99 96 38 7 22 88 39 56 86 35 0 5 69 44 66 68 77 60 82 50 30 20 81 87 70 24 29 33 42 27 89 17 83 74 80 62 64 93 95 2 75 45 6 76 58 55 37 12 85 4 13 47 15 71 32 94 72 25 91 40 98 28 53 84 3 97 49 63 1 48 65 51 16 90 54 52 11 43 19 31 79 73 10 21 67 36 18 61 41 26 78 23 34 8 14 9 59 57" score=9317.871932190734>
..................Result.........................
<Individual chromosome="46 92 99 96 38 7 22 88 39 56 86 35 0 5 69 44 66 68 77 60 82 50 30 20 81 87 70 24 29 33 42 27 89 17 83 74 80 62 64 93 95 2 75 45 6 76 58 55 37 12 85 4 13 47 15 71 32 94 72 25 91 40 98 28 53 84 3 97 49 63 1 48 65 51 16 90 54 52 11 43 19 31 79 73 10 21 67 36 18 61 41 26 78 23 34 8 14 9 59 57" score=9317.871932190734>
The plot was saved into the TSPresult_GA_mutate_whole.png file.

Run: 5
The plot was saved into the TSPstart_GA_mutate_whole.png file.
Generation no:1
Best individual: <Individual chromosome="51 67 1 95 84 33 72 65 80 20 68 2 71 62 57 86 73 32 46 25 64 99 98 38 85 7 36 31 21 3 76 13 44 55 48 50 66 11 47 83 94 41 30 78 58 4 52 35 34 54 53 42 70 79 56 93 6 18 63 69 96 77 10 12 28 45 43 81 5 29 16 8 82 40 27 17 14 19 60 87 59 92 24 89 91 75 88 90 22 39 0 26 97 23 49 15 37 9 61 74" score=23243.754512140546>
Generation no:201
Best individual: <Individual chromosome="97 61 18 56 73 0 9 10 96 67 78 39 41 19 68 35 86 36 34 49 65 84 26 3 98 85 90 47 71 93 12 32 64 37 46 77 20 44 82 33 91 95 43 80 8 14 59 24 87 60 79 58 4 83 11 57 74 2 13 52 94 53 54 1 23 22 66 69 62 25 40 28 42 92 30 88 21 50 38 63 16 55 15 76 72 45 6 75 17 29 70 27 81 89 99 5 31 7 48 51" score=14485.888527742607>
Generation no:401
Best individual: <Individual chromosome="16 63 19 50 79 86 39 99 22 34 36 90 13 72 76 32 55 93 12 62 11 20 30 88 21 14 8 74 49 94 53 15 71 47 52 80 97 61 18 56 23 1 54 51 48 7 4 83 41 25 40 28 42 64 37 95 58 75 6 45 2 46 43 3 84 65 26 85 98 17 29 87 81 24 27 70 60 77 35 68 92 66 69 57 59 89 91 33 82 31 78 67 96 73 5 44 0 9 10 38" score=11490.465229533105>
Generation no:601
Best individual: <Individual chromosome="69 29 17 70 89 25 40 2 13 42 28 11 52 46 27 91 24 59 87 60 66 68 8 80 62 53 94 58 55 93 12 98 85 20 77 81 4 83 26 16 67 18 36 21 88 10 34 86 35 19 30 14 43 79 99 22 97 38 41 61 50 74 75 6 45 72 76 32 37 64 47 71 15 95 7 31 96 49 54 51 48 65 84 3 63 23 1 78 90 57 33 82 92 39 73 56 5 0 9 44" score=10679.393229746378>
Generation no:801
Best individual: <Individual chromosome="60 70 87 5 0 56 73 39 86 34 10 88 21 14 43 79 57 33 82 8 81 27 91 24 59 38 90 78 1 23 63 3 84 65 48 51 54 97 22 61 41 80 62 93 2 6 44 9 30 19 35 92 20 96 31 7 95 15 71 47 45 72 76 32 37 64 53 55 58 94 49 85 13 52 11 28 18 67 36 26 16 83 4 40 25 89 29 17 98 12 75 74 42 46 77 68 66 99 50 69" score=10327.16481633963>
..................Result.........................
<Individual chromosome="60 9 5 0 35 86 34 88 22 83 4 14 8 82 33 46 98 91 24 70 27 28 47 76 72 45 48 65 90 78 1 23 63 26 16 18 67 36 61 41 3 54 51 53 95 80 62 93 55 32 71 15 94 12 37 58 52 13 6 2 40 25 89 29 17 59 57 81 20 92 39 73 68 66 99 77 7 43 79 44 87 11 74 42 75 64 38 49 85 97 84 21 10 30 19 56 50 96 31 69" score=9957.709106076374>
The plot was saved into the TSPresult_GA_mutate_whole.png file.

Run: 6
The plot was saved into the TSPstart_GA_mutate_whole.png file.
Generation no:1
Best individual: <Individual chromosome="91 50 86 48 79 55 47 32 53 37 52 60 12 26 69 10 21 2 71 65 80 28 66 57 70 46 29 38 54 16 84 11 3 68 44 36 78 39 20 92 19 49 33 93 43 25 4 85 62 99 17 89 7 74 77 0 8 51 56 18 83 82 31 6 94 90 23 72 35 13 64 15 41 40 22 34 67 95 14 73 9 58 76 88 97 98 75 96 45 1 61 24 42 63 27 5 59 87 30 81" score=23045.2741717735>
Generation no:201
Best individual: <Individual chromosome="13 48 97 47 32 53 37 74 96 23 90 63 21 49 73 9 81 69 65 80 28 54 41 24 19 57 66 39 99 60 12 45 6 93 76 55 17 89 7 25 95 64 15 4 85 58 94 11 42 3 52 62 75 98 29 46 70 33 27 2 71 72 84 16 78 51 26 1 22 34 67 10 38 40 91 50 86 35 30 87 59 20 92 8 43 14 61 88 56 44 68 5 0 77 79 31 82 83 18 36" score=14166.451382081319>
Generation no:401
Best individual: <Individual chromosome="54 18 36 41 47 52 72 93 55 76 95 75 6 64 37 32 28 42 62 13 97 65 71 15 3 61 14 56 0 5 68 44 77 20 38 90 23 96 88 1 26 51 78 16 84 19 11 48 40 80 2 12 45 91 33 24 89 17 98 29 27 50 69 81 99 60 46 70 25 7 57 79 59 87 30 35 86 67 10 73 9 49 43 8 66 92 82 31 39 34 22 21 63 83 74 4 85 58 94 53" score=11662.610421726915>
Generation no:601
Best individual: <Individual chromosome="80 93 6 64 75 2 12 45 72 71 65 97 52 91 33 83 74 25 70 46 81 69 60 99 50 27 29 98 17 89 24 40 48 15 55 76 95 13 62 42 28 85 4 7 57 79 19 10 73 56 86 35 30 87 59 11 37 32 58 94 53 47 3 67 8 31 39 34 21 22 63 90 26 1 61 51 54 84 78 16 41 66 92 82 38 20 77 44 68 5 0 9 18 36 23 49 96 88 14 43" score=10299.865793699119>
Generation no:801
Best individual: <Individual chromosome="79 99 10 73 56 86 35 30 0 19 92 82 43 63 23 49 90 65 11 59 57 7 13 6 64 15 32 76 95 45 58 94 53 52 75 47 3 67 18 41 16 1 26 97 88 96 38 62 42 28 85 4 80 2 12 93 55 72 71 37 78 48 84 54 51 61 36 22 21 34 44 77 20 50 9 66 5 68 60 69 81 46 40 91 70 24 89 17 98 29 27 87 33 25 74 83 8 31 39 14" score=9471.928188016243>
..................Result.........................
<Individual chromosome="14 20 31 56 50 9 66 44 77 0 73 39 86 35 30 10 34 21 22 36 61 51 54 96 38 88 26 97 1 16 41 90 65 47 3 80 4 85 28 87 92 99 79 82 59 83 74 67 18 49 23 63 43 57 7 78 48 84 71 45 58 95 37 72 55 93 12 2 42 40 91 70 24 89 25 33 17 98 29 27 46 81 68 5 60 69 19 8 62 11 52 6 13 53 94 76 32 15 64 75" score=9256.014867797903>
The plot was saved into the TSPresult_GA_mutate_whole.png file.

Run: 7
The plot was saved into the TSPstart_GA_mutate_whole.png file.
Generation no:1
Best individual: <Individual chromosome="32 53 21 93 14 82 49 0 57 34 56 70 7 44 98 1 29 62 65 41 27 25 92 68 28 39 85 13 81 89 17 40 96 50 43 48 42 94 23 97 4 77 90 78 10 18 35 66 19 73 9 79 83 33 2 5 6 22 67 15 74 69 12 51 46 24 31 63 71 37 26 86 38 64 55 80 95 99 59 72 88 36 87 91 75 45 20 60 61 30 54 76 52 58 47 84 16 3 8 11" score=23569.704279454505>
Generation no:201
Best individual: <Individual chromosome="53 72 65 48 84 47 94 13 32 42 89 17 69 28 85 11 58 76 62 25 98 46 24 68 9 5 81 33 87 7 20 82 99 92 0 56 50 39 14 10 86 73 79 8 74 63 18 88 67 19 54 30 44 57 4 75 60 77 43 49 1 61 36 16 59 55 95 45 29 27 12 6 40 91 83 78 21 96 35 31 66 70 23 22 51 97 80 2 15 3 90 38 34 41 64 71 52 26 93 37" score=13936.16457317574>
Generation no:401
Best individual: <Individual chromosome="83 75 72 65 48 51 97 63 49 85 77 60 66 96 39 0 35 99 5 44 68 69 70 42 28 50 33 29 27 24 17 89 87 81 57 4 40 91 46 98 25 7 2 58 76 15 37 55 95 62 93 32 13 41 19 18 88 10 14 30 59 8 92 31 79 56 86 73 67 1 22 16 54 90 26 52 47 61 36 21 34 38 78 6 74 80 11 53 71 94 3 84 43 9 23 20 82 64 45 12" score=11533.842457206529>
Generation no:601
Best individual: <Individual chromosome="94 48 65 72 76 58 53 93 80 83 28 31 79 9 43 38 34 56 86 73 67 21 88 18 1 23 52 45 11 85 42 40 91 46 98 25 2 12 84 3 47 71 62 74 64 75 26 90 14 82 66 68 92 39 35 0 5 99 96 8 59 30 50 10 36 16 41 51 97 54 78 61 19 20 89 17 24 27 29 33 60 69 70 7 87 77 44 81 57 4 13 6 32 22 63 49 15 37 55 95" score=10286.177268607657>
Generation no:801
Best individual: <Individual chromosome="43 26 22 63 97 48 15 76 72 80 83 32 94 6 93 53 58 37 55 95 75 74 19 16 78 34 56 10 36 23 1 18 88 50 82 66 68 92 39 35 0 5 99 96 8 59 14 54 65 84 3 90 41 51 62 64 38 61 67 21 73 86 9 79 31 28 42 40 91 46 98 25 2 12 85 11 52 71 47 49 45 13 4 57 81 30 44 77 70 89 17 24 7 87 69 60 33 29 27 20" score=10208.13345307791>
..................Result.........................
<Individual chromosome="76 15 32 72 95 55 62 49 47 11 52 71 58 37 94 53 83 80 75 74 14 88 10 56 86 73 21 67 61 38 93 20 8 98 25 46 91 70 89 85 12 4 13 45 64 6 78 51 16 26 54 65 84 3 97 48 22 18 36 41 90 2 57 81 30 50 19 59 42 28 63 1 23 34 9 79 31 96 99 39 35 0 5 92 68 66 77 44 82 87 7 24 17 40 27 29 33 60 69 43" score=9933.397872382599>
The plot was saved into the TSPresult_GA_mutate_whole.png file.

Run: 8
The plot was saved into the TSPstart_GA_mutate_whole.png file.
Generation no:1
Best individual: <Individual chromosome="49 38 64 2 89 77 0 73 94 96 74 91 67 18 58 4 99 75 6 29 19 8 39 25 76 71 45 22 90 86 70 37 95 79 54 10 92 17 81 12 31 88 97 48 62 7 44 53 69 33 36 82 87 5 57 13 11 83 14 85 61 26 20 3 43 47 66 35 27 40 80 41 9 23 78 63 21 16 84 55 72 93 60 56 24 42 65 32 98 59 30 28 52 51 50 34 15 1 46 68" score=23475.62316259236>
Generation no:201
Best individual: <Individual chromosome="38 20 30 62 11 6 12 93 95 72 53 45 80 2 13 76 83 32 48 26 90 78 97 74 40 25 37 58 94 14 9 88 3 55 75 15 61 22 18 4 59 57 7 66 92 98 24 70 29 89 33 91 52 47 64 71 46 79 82 5 16 56 44 68 77 17 27 87 99 10 8 28 19 73 86 39 69 0 35 50 67 1 65 51 41 36 23 63 85 42 49 54 84 96 21 34 43 31 60 81" score=13763.355372946326>
Generation no:401
Best individual: <Individual chromosome="88 59 78 90 19 73 86 39 69 0 35 50 74 85 42 11 64 97 15 45 32 83 30 20 80 28 47 53 72 76 13 75 52 48 26 23 63 21 34 18 38 67 1 62 2 93 3 61 22 16 84 54 49 14 9 8 43 36 41 51 65 95 94 71 12 6 58 37 55 33 79 4 40 27 29 70 91 17 89 24 98 25 7 66 92 10 96 56 5 68 44 82 77 99 87 60 46 57 81 31" score=11524.283288928233>
Generation no:601
Best individual: <Individual chromosome="57 81 96 10 1 63 23 88 97 26 71 94 76 32 95 72 53 47 78 3 19 90 48 51 41 36 67 18 21 34 54 84 16 22 61 43 49 4 40 27 62 45 55 65 52 13 15 74 83 80 75 64 11 42 85 37 58 6 93 2 28 8 46 87 60 99 59 12 70 91 17 89 24 98 25 7 29 33 44 77 92 66 30 56 5 68 69 0 35 50 39 86 73 79 82 14 9 31 20 38" score=10280.909289969935>
Generation no:801
Best individual: <Individual chromosome="60 69 31 8 82 77 44 5 68 20 0 99 79 33 81 37 45 95 32 71 53 72 13 94 76 55 52 48 26 23 63 97 15 21 34 10 96 9 14 85 42 62 64 47 28 80 4 40 70 91 12 46 87 59 57 17 89 27 29 24 7 25 98 75 65 3 90 51 61 36 41 22 43 74 83 49 88 78 11 2 93 6 58 84 54 16 1 38 18 67 30 19 56 73 86 39 35 50 92 66" score=9805.448278835895>
..................Result.........................
<Individual chromosome="3 49 83 4 28 69 59 29 98 25 7 20 38 85 2 70 91 17 89 24 46 40 27 57 81 44 77 82 8 43 42 32 37 58 95 72 45 55 76 94 71 6 93 75 64 74 97 51 84 1 78 61 65 48 52 11 12 80 47 53 13 15 62 63 67 41 16 22 34 19 56 96 14 10 9 73 86 35 39 0 50 68 5 60 87 33 99 66 30 31 79 92 88 23 21 18 36 54 26 90" score=9600.11505008943>
The plot was saved into the TSPresult_GA_mutate_whole.png file.

Run: 9
The plot was saved into the TSPstart_GA_mutate_whole.png file.
Generation no:1
Best individual: <Individual chromosome="66 71 56 68 99 50 30 62 86 92 27 43 33 40 94 96 9 37 57 15 42 28 97 69 24 7 19 4 83 13 80 49 74 21 78 10 73 98 29 63 38 6 35 87 53 12 61 0 25 70 81 11 23 52 55 36 3 18 39 5 60 31 64 58 14 75 44 17 65 41 16 26 91 45 85 67 2 89 76 32 1 20 79 46 77 47 51 84 48 93 88 22 34 8 82 90 72 95 59 54" score=23391.10163959102>
Generation no:201
Best individual: <Individual chromosome="8 16 19 75 89 30 39 0 77 69 66 31 56 9 50 35 21 86 73 78 26 84 23 96 79 5 33 17 98 49 97 61 36 1 55 25 46 28 6 87 92 99 44 82 60 68 41 85 37 72 15 71 95 83 47 45 11 13 64 53 32 65 90 62 4 93 80 7 24 29 70 27 57 43 20 88 48 38 59 91 12 76 58 94 52 3 63 18 10 22 34 67 51 54 40 2 74 81 42 14" score=14212.314396845162>
Generation no:401
Best individual: <Individual chromosome="85 38 51 3 52 94 1 36 87 6 93 71 32 63 88 41 10 81 89 33 17 25 42 75 62 55 95 37 72 15 53 64 28 80 43 20 31 66 60 39 73 86 21 23 22 90 65 47 48 54 61 97 49 4 46 29 70 24 91 12 76 58 45 11 13 16 83 8 35 92 82 99 44 69 77 79 59 74 19 14 18 34 67 57 7 98 27 2 40 9 50 68 56 30 5 0 96 84 78 26" score=12225.179101899006>
Generation no:601
Best individual: <Individual chromosome="85 2 27 29 46 87 17 98 99 44 69 77 19 79 59 82 25 33 70 81 40 28 10 22 41 63 36 16 11 13 45 58 76 12 6 71 95 55 32 52 94 65 90 23 21 96 18 14 74 8 83 47 3 51 26 97 61 1 84 78 88 48 54 64 53 15 72 37 62 75 93 42 4 91 89 24 60 39 73 86 0 5 56 35 68 50 9 30 92 31 66 80 49 38 7 57 67 34 20 43" score=10914.23194721532>
Generation no:801
Best individual: <Individual chromosome="19 43 47 1 63 84 78 26 22 41 96 56 18 67 23 61 36 57 38 51 3 54 48 90 97 65 32 72 52 15 37 95 55 71 6 29 98 91 12 76 58 45 11 64 94 53 49 13 62 75 42 4 93 46 17 24 33 25 40 2 89 27 70 85 83 80 28 74 81 87 79 59 82 31 14 8 20 50 77 69 60 44 99 86 10 88 16 21 34 30 9 39 73 92 35 68 5 0 66 7" score=9901.443674484002>
..................Result.........................
<Individual chromosome="54 84 41 1 23 26 78 3 51 38 8 83 2 40 12 76 58 45 11 13 71 37 55 15 72 95 65 52 53 48 96 85 62 4 7 87 59 81 74 43 35 68 0 5 56 30 9 50 77 69 60 44 99 86 73 39 82 92 66 19 20 10 14 31 80 28 79 57 91 25 98 27 33 17 29 89 46 70 24 93 6 75 42 49 88 21 34 22 18 36 16 61 63 67 32 94 64 47 97 90" score=9486.600954200858>
The plot was saved into the TSPresult_GA_mutate_whole.png file.

AVERAGE ON RUNS =%.02f 9617.977142871872
..................End.........................

..................Start.........................
birthrate = 0.4 operator = reverse
Run: 0
The plot was saved into the TSPstart_GA_mutate_whole.png file.
Generation no:1
Best individual: <Individual chromosome="14 17 1 42 4 39 23 66 71 51 88 48 97 59 3 34 40 45 61 18 56 70 27 80 0 92 89 85 12 83 64 84 8 2 5 68 82 73 74 58 6 53 20 99 37 26 11 52 57 67 47 54 19 28 15 77 24 75 65 94 93 86 29 87 31 63 10 50 41 16 36 22 9 49 98 21 25 76 95 33 43 44 69 38 32 72 91 55 78 90 13 62 79 60 35 96 81 46 7 30" score=22869.100985823636>
Generation no:201
Best individual: <Individual chromosome="8 56 66 92 0 59 50 86 96 30 39 44 69 28 10 63 49 57 9 43 90 13 52 11 26 38 23 1 42 40 89 17 24 33 29 87 31 60 68 35 81 46 7 19 54 20 99 74 2 37 62 84 64 83 67 34 41 61 97 4 15 32 53 58 72 91 93 6 98 25 71 80 27 70 76 45 85 12 47 5 73 21 18 3 65 16 36 22 51 75 95 55 94 78 48 88 82 79 77 14" score=14482.014999441786>
Generation no:401
Best individual: <Individual chromosome="8 42 59 60 46 7 81 77 82 79 30 73 50 39 99 87 89 33 24 17 29 40 62 37 2 4 51 22 36 16 63 54 65 84 74 6 47 61 97 71 64 13 28 83 69 14 9 11 80 1 49 23 38 58 72 55 95 75 48 26 78 94 43 90 32 15 53 3 18 21 88 67 34 41 76 45 85 12 93 91 27 70 57 98 25 52 35 68 44 0 92 66 56 96 86 10 20 31 5 19" score=12917.92108347897>
Generation no:601
Best individual: <Individual chromosome="35 68 60 57 14 49 97 1 67 3 51 61 43 38 23 44 99 20 0 96 50 10 86 92 66 77 59 25 30 73 79 82 81 46 89 17 24 70 40 29 33 27 91 28 83 2 37 62 41 48 75 13 80 11 52 93 6 58 95 55 72 64 12 85 45 76 32 15 53 36 22 26 78 65 98 42 8 74 71 47 90 63 84 7 31 5 56 19 21 88 9 34 18 16 54 94 4 69 87 39" score=12080.267395531566>
Generation no:801
Best individual: <Individual chromosome="39 66 44 50 92 5 0 35 82 60 75 2 98 40 10 86 69 77 68 23 49 90 63 43 8 28 85 12 81 46 91 42 83 25 27 7 87 9 30 34 56 79 31 11 53 47 13 93 45 6 37 55 15 94 32 95 58 72 51 3 78 36 16 41 21 96 88 18 22 54 67 99 19 73 52 64 80 62 71 65 84 26 48 61 97 1 38 14 4 76 57 74 33 89 29 24 17 70 59 20" score=11409.519146530516>
..................Result.........................
<Individual chromosome="32 52 63 41 26 51 48 84 54 16 90 97 28 65 49 9 10 21 34 18 1 23 38 73 96 81 57 98 25 46 89 17 27 70 69 66 68 35 0 5 50 30 56 67 88 39 31 86 8 3 4 37 62 22 36 61 78 71 95 94 85 91 24 33 29 40 2 13 12 93 47 72 64 11 80 83 74 53 76 55 15 42 43 14 79 82 92 59 99 19 20 44 77 60 87 7 75 6 58 45" score=10874.370865593084>
The plot was saved into the TSPresult_GA_mutate_whole.png file.

Run: 1
The plot was saved into the TSPstart_GA_mutate_whole.png file.
Generation no:1
Best individual: <Individual chromosome="31 6 91 87 28 17 46 73 20 9 3 33 44 97 22 78 61 10 16 39 35 42 65 32 15 41 14 79 23 75 55 90 95 82 1 67 36 5 43 70 0 18 84 81 27 59 30 2 21 52 38 7 37 98 4 77 25 49 63 34 47 94 72 76 53 71 57 96 88 24 64 92 54 26 80 83 89 40 60 62 51 99 29 8 48 69 56 85 45 13 86 74 58 93 50 12 66 68 11 19" score=23792.583947598516>
Generation no:201
Best individual: <Individual chromosome="95 76 71 13 62 94 51 75 80 52 83 69 33 27 20 68 44 8 78 88 6 45 90 63 64 53 65 15 72 73 61 16 36 26 23 18 97 41 67 5 38 32 11 29 46 24 89 98 42 4 2 55 70 25 17 87 77 9 30 66 50 92 81 60 28 85 93 37 47 91 58 31 10 34 96 43 1 54 3 14 22 49 84 48 74 12 40 82 56 19 79 59 21 35 0 39 86 99 57 7" score=15009.028560517085>
Generation no:401
Best individual: <Individual chromosome="6 45 90 26 36 16 48 74 28 42 98 4 93 37 83 51 1 21 88 18 23 75 80 52 92 86 59 38 5 66 44 68 50 8 78 97 67 41 19 49 84 61 22 10 34 96 14 3 54 63 85 2 15 65 53 64 72 71 13 62 94 32 58 91 20 40 27 70 33 25 17 7 87 29 46 24 89 60 69 57 81 95 55 76 47 11 99 79 30 9 77 31 56 73 39 0 35 43 82 12" score=12804.93244582462>
Generation no:601
Best individual: <Individual chromosome="58 42 98 25 17 29 7 87 27 70 33 19 49 83 51 1 21 67 41 38 59 50 40 24 46 91 13 71 32 76 47 11 18 23 75 93 37 45 6 28 4 80 15 2 12 55 95 85 34 63 54 3 22 61 16 36 62 94 72 64 53 65 52 48 74 20 89 60 69 57 81 82 43 35 0 39 56 73 31 77 68 44 66 5 92 86 14 10 96 9 30 99 79 88 97 78 8 84 26 90" score=12244.555488792472>
Generation no:801
Best individual: <Individual chromosome="81 70 27 89 17 29 33 24 46 40 91 98 6 75 93 2 12 55 95 94 62 36 16 61 22 52 80 4 28 25 42 57 78 67 21 96 9 99 8 65 15 49 34 63 43 38 41 23 19 14 86 92 82 79 30 50 68 44 66 5 10 1 51 87 20 74 59 77 31 73 56 39 0 35 54 3 48 60 69 7 85 90 58 72 64 45 37 53 13 71 32 76 47 11 84 26 83 97 18 88" score=11850.456070271664>
..................Result.........................
<Individual chromosome="88 18 61 22 36 16 48 37 45 64 50 68 59 38 41 23 62 57 7 96 9 60 69 0 35 19 14 74 20 82 92 86 99 26 97 65 94 95 32 71 13 53 85 8 43 63 1 51 33 24 81 46 70 87 79 30 78 67 21 39 56 73 34 49 90 15 58 72 76 55 3 54 84 11 47 75 93 2 12 25 28 4 80 52 42 83 6 98 17 27 40 91 89 29 31 77 44 66 5 10" score=11457.267124758124>
The plot was saved into the TSPresult_GA_mutate_whole.png file.

Run: 2
The plot was saved into the TSPstart_GA_mutate_whole.png file.
Generation no:1
Best individual: <Individual chromosome="35 61 12 76 64 0 59 99 9 90 31 82 43 27 44 56 3 77 42 29 30 20 34 49 85 91 73 50 4 86 18 10 40 97 16 1 72 66 8 98 22 95 65 92 33 70 57 11 78 87 47 28 45 37 74 36 48 63 83 80 93 51 84 39 14 15 46 17 96 7 19 89 55 32 71 79 24 52 13 69 26 41 38 88 2 68 67 21 5 60 75 54 62 25 23 94 53 6 58 81" score=24181.960944753948>
Generation no:201
Best individual: <Individual chromosome="57 73 39 86 20 28 87 26 16 78 1 56 92 68 44 66 5 0 77 82 50 99 30 51 97 11 75 67 22 63 84 61 3 83 24 98 42 2 40 27 91 6 93 65 8 96 60 59 31 35 70 7 85 49 23 36 48 47 12 64 95 32 52 58 72 71 74 94 15 4 41 43 10 88 90 38 81 54 18 53 13 79 76 45 89 33 34 21 19 46 69 17 29 9 14 80 55 37 62 25" score=15482.647661665447>
Generation no:401
Best individual: <Individual chromosome="99 50 21 35 39 86 79 93 62 78 60 69 57 31 81 7 1 36 22 88 67 18 73 47 48 11 6 45 55 95 32 72 76 37 15 94 97 61 66 44 68 56 92 77 82 33 5 0 87 43 38 41 96 30 59 80 49 34 26 16 83 3 23 65 64 12 75 51 90 54 71 52 58 70 25 46 19 14 74 20 8 63 10 9 84 13 53 4 28 98 42 17 29 24 89 27 40 2 85 91" score=13356.603375038087>
Generation no:601
Best individual: <Individual chromosome="81 18 36 67 21 14 1 19 31 96 9 34 92 77 44 66 56 10 73 82 33 89 87 60 69 39 30 43 38 97 22 63 61 88 28 25 42 65 51 32 71 37 76 6 12 45 52 94 13 3 78 16 26 64 84 41 4 49 80 74 23 86 5 0 68 35 59 85 2 27 7 46 98 70 99 50 20 83 62 93 57 8 75 91 40 24 17 29 55 58 95 72 15 53 90 54 11 48 47 79" score=12530.95258950478>
Generation no:801
Best individual: <Individual chromosome="69 31 44 77 35 66 56 39 73 3 88 61 36 22 63 1 23 90 54 84 41 58 76 95 37 64 71 15 45 72 53 75 80 83 52 47 48 11 55 32 2 65 62 13 94 6 12 91 25 29 40 7 46 98 17 89 70 27 0 5 86 34 20 49 16 26 78 43 59 82 19 10 9 30 67 18 92 68 60 87 33 24 81 93 96 99 50 79 38 14 57 21 74 8 51 97 85 4 42 28" score=11613.303820807094>
..................Result.........................
<Individual chromosome="69 57 38 14 21 43 16 26 78 49 74 75 53 11 48 47 52 80 83 59 82 85 97 51 65 55 32 2 15 71 64 37 76 95 58 45 13 62 72 94 12 6 91 25 29 40 7 4 19 73 39 99 50 79 31 77 44 35 5 86 34 0 56 66 20 27 70 89 46 98 17 42 28 67 8 93 81 24 33 87 60 68 92 18 63 1 23 90 61 36 3 88 96 41 84 54 22 10 9 30" score=11434.008828419763>
The plot was saved into the TSPresult_GA_mutate_whole.png file.

Run: 3
The plot was saved into the TSPstart_GA_mutate_whole.png file.
Generation no:1
Best individual: <Individual chromosome="96 22 92 20 50 12 83 49 13 95 42 55 71 4 81 56 72 28 47 67 79 94 93 89 16 90 78 15 74 0 51 57 27 73 43 21 97 1 26 54 32 17 76 75 52 99 70 39 35 77 91 66 2 59 69 63 41 30 10 88 5 44 3 98 61 36 48 68 31 62 65 58 45 24 25 6 46 53 38 18 7 34 33 85 84 87 86 82 80 40 11 9 23 19 14 8 29 60 37 64" score=23368.336601334624>
Generation no:201
Best individual: <Individual chromosome="19 31 67 36 61 3 28 79 38 56 16 90 58 45 37 17 89 29 91 4 25 40 13 65 15 74 46 53 6 98 24 34 88 71 26 54 84 94 64 93 2 59 69 57 8 14 95 55 52 75 76 32 83 12 50 92 20 5 68 0 30 10 99 70 27 33 7 81 44 66 77 35 39 73 43 60 87 86 22 96 18 11 85 42 72 51 23 9 82 63 41 47 49 78 1 97 48 62 80 21" score=14604.421899057548>
Generation no:401
Best individual: <Individual chromosome="60 99 79 82 38 1 97 74 57 69 59 7 25 40 46 24 14 31 62 4 75 98 6 27 70 43 58 53 28 48 61 36 67 22 26 78 65 15 71 72 13 49 86 56 5 0 30 10 20 76 85 88 18 54 34 63 41 95 55 11 47 68 92 87 2 93 42 9 96 21 73 39 35 44 66 77 50 81 33 91 29 89 17 37 45 64 94 32 84 3 16 90 23 51 80 83 12 52 8 19" score=12955.02292941937>
Generation no:601
Best individual: <Individual chromosome="41 83 30 10 20 99 64 53 74 62 4 98 75 80 51 90 23 22 67 36 61 3 16 78 88 18 63 34 54 96 73 21 39 5 81 33 24 91 29 85 47 11 55 95 76 12 6 32 84 26 58 71 15 65 48 52 1 97 9 14 31 92 68 79 43 38 40 46 25 7 59 56 86 28 42 17 89 27 70 87 2 93 37 45 94 72 13 49 57 69 82 60 0 35 44 66 50 77 8 19" score=12037.124954020253>
Generation no:801
Best individual: <Individual chromosome="19 28 62 74 8 43 38 40 46 25 7 59 69 57 49 13 72 94 45 37 93 58 71 15 65 83 97 41 96 54 34 63 18 88 78 51 90 23 14 77 86 56 82 60 0 35 44 66 50 4 98 75 80 85 29 91 24 33 81 5 39 21 73 9 30 10 20 99 64 11 47 2 87 70 27 89 17 42 79 68 92 31 22 67 36 61 3 16 26 84 32 6 12 76 95 55 52 53 48 1" score=11615.762227558125>
..................Result.........................
<Individual chromosome="31 57 77 35 69 92 68 82 44 0 19 28 62 8 52 55 45 76 95 72 94 64 51 11 47 58 32 65 83 97 80 75 53 85 46 25 98 89 17 42 49 13 4 7 59 60 9 70 27 87 2 93 12 37 6 15 71 41 16 3 48 1 90 23 78 88 18 63 34 10 61 84 26 22 67 36 96 54 79 20 30 5 39 21 73 86 56 66 81 33 24 91 29 40 43 38 74 14 99 50" score=11605.909697128325>
The plot was saved into the TSPresult_GA_mutate_whole.png file.

Run: 4
The plot was saved into the TSPstart_GA_mutate_whole.png file.
Generation no:1
Best individual: <Individual chromosome="31 41 3 13 94 2 40 86 56 43 81 74 18 88 12 7 61 78 42 4 90 16 63 67 80 60 65 1 23 51 19 25 91 14 71 97 49 5 93 35 55 53 96 27 64 72 15 52 59 84 47 39 20 24 17 9 10 34 26 99 83 8 79 73 66 44 21 77 36 57 30 50 95 32 6 98 70 46 28 29 54 92 75 76 45 58 82 68 69 89 38 85 22 62 0 37 48 11 87 33" score=22494.761317976976>
Generation no:201
Best individual: <Individual chromosome="76 62 86 9 70 27 83 18 34 39 0 5 99 30 50 58 48 54 84 85 79 73 31 77 60 68 82 10 7 65 92 2 25 40 6 46 4 37 47 72 15 55 11 71 53 19 42 57 14 90 67 21 96 41 75 45 12 93 38 78 43 20 23 1 97 61 36 88 51 3 49 8 22 16 63 28 80 26 24 29 91 17 89 98 69 81 74 56 44 66 35 59 33 87 13 52 94 64 32 95" score=15372.773888836557>
Generation no:401
Best individual: <Individual chromosome="2 12 62 74 49 43 20 68 35 66 44 50 30 33 99 70 27 6 40 13 52 37 28 67 21 96 92 14 63 72 47 75 45 25 24 91 29 17 89 98 59 57 42 46 87 81 5 0 39 31 77 86 9 73 10 34 18 79 85 4 80 26 36 61 88 16 51 3 97 78 48 54 84 65 93 82 60 8 69 19 90 22 23 1 38 56 7 41 83 58 95 32 64 94 11 71 76 15 55 53" score=12808.96570025752>
Generation no:601
Best individual: <Individual chromosome="2 65 19 14 93 20 85 38 56 35 0 5 59 57 7 1 63 18 34 21 96 50 92 33 70 27 6 40 81 69 39 86 9 88 61 36 84 54 51 3 16 97 72 76 15 12 62 45 53 55 94 32 95 58 83 42 87 46 74 98 89 17 60 82 77 66 44 8 79 43 49 99 68 31 30 28 4 80 64 47 52 13 11 71 26 78 22 90 23 41 67 10 73 48 29 91 24 25 75 37" score=12133.871855445592>
Generation no:801
Best individual: <Individual chromosome="86 39 5 0 69 30 9 14 99 49 33 70 81 59 20 57 7 72 76 15 53 55 94 32 58 25 52 48 83 85 93 64 80 4 6 28 24 91 29 17 92 44 66 77 82 60 42 90 23 43 2 27 40 65 47 62 45 12 95 37 75 13 11 71 16 3 51 54 84 36 61 88 63 79 38 8 74 46 98 89 87 10 35 56 31 68 73 22 41 67 50 96 1 78 26 97 21 34 18 19" score=11973.362655558933>
..................Result.........................
<Individual chromosome="5 0 39 86 23 90 84 51 54 3 97 16 21 34 56 31 68 73 22 36 61 10 71 11 13 75 37 95 12 45 62 47 65 40 27 2 43 48 52 15 53 55 94 32 58 25 69 30 9 99 92 44 66 77 82 60 93 64 80 4 85 83 76 72 49 26 78 1 96 50 67 41 79 38 8 19 18 42 6 17 29 91 24 28 14 89 98 46 81 59 20 57 7 70 33 87 74 63 88 35" score=11853.128355041634>
The plot was saved into the TSPresult_GA_mutate_whole.png file.

Run: 5
The plot was saved into the TSPstart_GA_mutate_whole.png file.
Generation no:1
Best individual: <Individual chromosome="33 68 24 17 4 57 84 54 86 98 87 40 96 31 73 44 20 18 92 89 85 62 7 63 21 34 72 1 61 13 83 41 65 11 66 58 95 56 77 29 75 3 67 74 48 23 49 14 76 22 82 42 94 71 80 30 43 91 60 26 36 88 59 46 47 15 55 19 6 12 32 50 79 25 8 38 35 16 2 97 90 39 5 81 37 52 99 78 70 27 69 93 64 51 0 9 10 28 45 53" score=23109.231678061322>
Generation no:201
Best individual: <Individual chromosome="53 84 54 90 82 16 48 19 66 8 38 59 62 80 13 37 96 31 73 44 68 92 60 87 25 55 72 76 75 24 17 46 27 70 34 26 88 36 83 74 12 47 18 22 21 67 10 35 69 33 20 99 4 57 81 5 39 86 56 0 9 43 30 50 79 77 29 89 91 45 52 61 1 41 63 78 28 40 98 42 65 11 94 71 6 93 32 95 58 15 7 23 49 14 3 51 64 2 97 85" score=14349.630389215003>
Generation no:401
Best individual: <Individual chromosome="53 62 80 40 46 27 70 81 14 39 0 56 86 10 50 79 9 1 61 41 63 5 77 99 44 73 43 23 49 83 36 8 3 51 64 13 37 45 65 11 71 32 95 58 15 93 6 94 25 47 12 76 72 55 18 22 21 35 66 7 91 17 29 2 89 24 75 74 52 96 34 67 88 26 97 90 54 84 48 16 78 42 98 33 20 68 92 60 87 57 85 28 69 59 31 30 19 38 82 4" score=12529.754727376392>
Generation no:601
Best individual: <Individual chromosome="67 34 96 83 10 50 0 92 68 59 7 85 75 62 11 71 25 12 6 93 95 15 58 72 55 76 2 27 24 30 31 9 56 86 79 44 99 20 43 28 70 81 42 4 47 52 32 14 19 74 3 51 48 94 45 37 53 64 13 80 40 98 33 69 89 87 91 17 29 66 35 8 46 82 38 49 23 77 5 39 73 16 78 57 60 21 22 18 65 84 54 90 97 26 1 41 63 61 36 88" score=11871.632008142484>
Generation no:801
Best individual: <Individual chromosome="5 92 87 60 62 64 13 6 37 93 45 55 72 95 42 28 75 74 4 53 11 32 52 94 76 58 15 71 97 90 96 82 98 33 69 77 44 68 39 86 56 0 73 10 16 18 43 20 14 81 40 80 65 47 67 36 3 26 78 51 88 1 41 61 63 57 59 12 2 7 49 85 99 50 66 19 25 8 34 48 84 54 23 22 21 38 83 29 17 91 89 70 24 27 46 79 9 31 30 35" score=11414.087120964203>
..................Result.........................
<Individual chromosome="35 31 81 82 10 73 50 99 74 21 22 23 75 28 25 42 19 79 46 27 70 24 89 29 17 91 52 49 48 63 16 18 43 20 14 96 90 97 26 3 36 34 8 78 51 83 88 1 41 61 40 98 33 69 5 68 44 77 92 87 60 9 30 11 53 76 94 32 58 93 37 72 55 45 6 15 71 85 80 47 65 54 84 4 2 12 95 13 64 62 7 59 57 67 38 66 0 86 56 39" score=11151.12427116749>
The plot was saved into the TSPresult_GA_mutate_whole.png file.

Run: 6
The plot was saved into the TSPstart_GA_mutate_whole.png file.
Generation no:1
Best individual: <Individual chromosome="23 80 65 54 92 5 46 95 6 53 71 0 77 16 21 49 33 64 32 55 89 97 17 4 25 2 11 79 20 22 34 14 31 74 28 37 3 18 73 88 10 41 42 1 93 75 68 91 44 66 27 81 24 36 83 47 19 57 87 90 76 15 7 48 45 94 40 61 59 29 98 26 38 85 60 12 84 56 43 13 39 96 8 51 35 50 82 30 70 69 62 78 86 63 52 67 58 72 99 9" score=23485.19514397513>
Generation no:201
Best individual: <Individual chromosome="8 68 0 99 41 1 50 35 92 77 59 70 91 85 6 83 71 16 74 84 54 22 26 81 61 67 34 36 23 88 69 60 39 10 21 45 80 62 28 24 40 93 37 76 64 47 4 17 87 66 30 43 90 9 5 96 73 86 56 63 14 42 20 44 31 98 29 75 2 25 46 89 51 97 18 3 48 13 65 15 52 32 53 11 94 49 12 95 72 55 58 78 19 79 38 7 27 57 33 82" score=15054.418712332288>
Generation no:401
Best individual: <Individual chromosome="81 5 92 77 27 98 20 87 49 12 58 76 37 95 32 55 62 97 78 90 3 84 65 4 28 33 70 91 29 75 42 93 38 50 9 60 83 80 47 71 53 11 94 13 15 52 63 41 54 22 35 39 69 82 18 26 36 88 34 67 61 16 74 8 23 1 51 72 2 85 43 7 40 25 46 89 17 24 19 21 96 30 79 45 6 64 57 59 99 31 48 10 14 56 86 73 68 0 66 44" score=12264.835562032671>
Generation no:601
Best individual: <Individual chromosome="1 67 34 61 16 90 78 97 75 57 22 54 41 63 36 88 23 10 14 18 26 65 84 3 74 8 83 60 81 77 92 5 9 69 82 56 86 73 68 0 66 44 31 99 59 35 39 50 24 17 89 4 15 13 80 62 53 11 94 32 55 71 47 49 12 58 37 76 95 48 51 52 64 2 85 43 7 20 30 79 19 38 93 42 72 29 91 70 33 98 27 40 25 46 6 45 28 87 96 21" score=11576.2045763969>
Generation no:801
Best individual: <Individual chromosome="1 67 34 61 16 90 78 97 75 57 22 54 41 63 36 88 23 10 14 18 26 65 84 3 74 8 83 60 81 77 92 5 9 69 82 56 86 73 68 0 66 44 31 99 59 35 39 50 24 17 89 4 15 13 80 62 53 11 94 32 55 71 47 49 12 58 37 76 95 48 51 52 64 2 85 43 7 20 30 79 19 38 93 42 72 29 91 70 33 98 27 40 25 46 6 45 28 87 96 21" score=11576.2045763969>
..................Result.........................
<Individual chromosome="43 31 20 96 15 72 55 32 13 80 57 19 38 74 8 83 49 28 85 6 45 63 78 3 90 97 54 61 1 67 34 21 56 86 87 7 79 99 42 14 68 92 0 77 69 59 29 89 4 11 53 62 12 58 37 64 2 93 65 75 94 76 95 71 47 26 23 84 52 51 48 81 60 5 39 35 44 50 36 16 88 22 41 10 30 73 9 33 98 27 17 24 70 91 40 25 46 82 66 18" score=11461.371640045145>
The plot was saved into the TSPresult_GA_mutate_whole.png file.

Run: 7
The plot was saved into the TSPstart_GA_mutate_whole.png file.
Generation no:1
Best individual: <Individual chromosome="50 40 59 43 56 9 87 72 54 8 49 28 82 4 74 93 70 91 27 96 35 73 33 63 71 61 0 48 64 32 21 10 77 18 66 99 22 78 41 47 1 11 19 13 42 31 95 76 80 37 75 29 36 16 44 14 58 60 45 79 83 81 34 38 15 94 52 46 25 69 12 92 68 20 7 84 98 85 6 97 90 17 55 2 57 65 26 88 39 3 51 89 24 67 30 86 5 23 53 62" score=23239.474700783005>
Generation no:201
Best individual: <Individual chromosome="80 2 75 29 33 40 46 25 70 82 38 9 20 64 32 71 48 6 76 12 52 53 95 13 85 23 34 39 44 77 59 19 63 65 88 50 67 21 92 69 73 14 26 11 15 58 62 74 57 28 7 31 79 16 54 84 1 93 47 97 56 0 86 30 89 27 17 42 81 83 87 66 60 91 24 55 43 49 4 98 94 90 3 36 22 96 10 68 35 5 99 8 41 61 18 45 72 37 78 51" score=15016.4765610012>
Generation no:401
Best individual: <Individual chromosome="42 91 17 24 27 29 95 85 57 7 44 77 87 66 68 20 82 46 70 25 89 10 30 73 14 31 96 88 56 39 35 60 59 81 98 2 58 97 13 11 55 93 12 74 4 80 33 40 52 53 71 84 23 1 51 54 65 72 64 83 28 50 0 99 26 61 41 18 16 22 86 34 8 38 9 79 19 63 48 49 15 3 90 67 36 21 92 69 5 43 78 6 45 37 76 62 32 94 47 75" score=12815.828634308868>
Generation no:601
Best individual: <Individual chromosome="33 42 75 80 47 4 91 17 24 27 29 89 58 93 12 78 83 64 72 3 90 67 36 22 16 18 79 73 56 96 88 23 84 48 63 26 1 51 54 65 15 6 45 37 71 94 32 53 52 98 2 25 40 55 59 19 41 61 49 43 74 38 8 30 39 35 60 44 7 57 85 95 76 62 14 28 87 77 5 10 34 0 50 66 69 92 21 86 9 31 68 20 99 82 81 97 13 11 46 70" score=12111.615095019024>
Generation no:801
Best individual: <Individual chromosome="77 69 5 34 23 92 19 10 59 81 82 60 40 25 70 46 33 89 20 12 42 98 24 27 17 29 91 72 93 62 65 13 3 90 1 74 52 80 6 45 76 58 53 43 21 36 96 56 39 73 30 14 4 2 22 67 88 99 9 18 41 61 26 97 51 16 54 38 8 31 79 86 35 68 44 0 66 50 57 85 11 78 63 84 71 47 37 95 55 75 48 49 15 94 32 64 83 28 7 87" score=11623.583524388034>
..................Result.........................
<Individual chromosome="34 96 7 59 20 87 8 61 26 94 15 95 28 98 83 64 32 48 75 93 12 85 42 54 16 78 74 31 79 30 50 66 77 92 68 56 39 73 86 35 0 44 57 14 4 2 19 10 69 5 82 81 60 91 40 25 70 46 33 89 29 17 27 24 45 76 55 13 80 6 72 62 71 47 58 53 65 52 11 97 37 49 43 21 36 3 84 51 18 38 22 67 88 1 41 23 90 63 9 99" score=11296.626166517768>
The plot was saved into the TSPresult_GA_mutate_whole.png file.

Run: 8
The plot was saved into the TSPstart_GA_mutate_whole.png file.
Generation no:1
Best individual: <Individual chromosome="35 9 43 42 24 91 53 71 7 69 33 41 60 46 78 87 58 28 82 5 84 18 68 96 86 34 32 72 39 44 98 70 45 3 50 1 95 75 94 55 10 99 37 64 52 61 16 30 38 25 6 97 48 47 51 15 66 22 79 14 85 57 36 0 8 65 62 92 56 13 83 90 93 29 21 67 89 63 17 40 27 20 49 23 12 81 2 11 80 26 54 31 73 77 76 88 4 19 59 74" score=23882.506268263576>
Generation no:201
Best individual: <Individual chromosome="15 51 3 53 52 8 46 58 6 4 42 83 36 88 16 41 23 63 50 35 56 44 60 82 70 57 96 31 87 27 29 91 77 66 1 67 34 10 22 18 78 55 47 76 12 93 2 80 98 49 86 30 5 90 79 9 92 68 69 0 39 38 14 48 84 54 21 19 99 74 25 73 20 64 28 40 62 11 71 32 13 75 95 37 43 61 26 97 59 89 81 17 85 7 33 24 45 65 94 72" score=14835.81910998336>
Generation no:401
Best individual: <Individual chromosome="17 46 91 24 70 19 74 51 26 67 10 22 1 69 40 89 33 44 14 8 48 16 18 88 21 50 39 73 96 36 34 43 38 30 0 92 68 60 81 20 31 15 53 71 94 55 47 72 99 9 56 86 79 4 58 95 45 64 11 42 85 12 75 61 41 90 97 3 78 23 63 54 65 28 98 25 27 29 7 37 13 52 80 76 6 83 84 62 2 93 32 87 57 77 59 49 82 66 5 35" score=13037.964545486113>
Generation no:601
Best individual: <Individual chromosome="4 14 80 75 2 93 52 53 6 58 45 8 74 49 76 95 32 47 55 11 54 38 64 27 29 43 96 19 88 34 21 70 24 98 40 25 91 89 81 46 17 62 42 72 83 97 23 65 48 78 41 26 37 12 85 7 86 68 5 35 0 92 56 99 50 69 33 39 44 77 66 20 13 71 15 94 51 63 84 3 1 90 16 61 36 22 10 67 30 9 73 31 82 87 60 18 79 28 57 59" score=12107.868458930212>
Generation no:801
Best individual: <Individual chromosome="57 60 7 89 17 12 2 75 80 63 96 8 27 29 91 46 81 64 98 33 87 82 31 50 30 66 77 25 45 6 95 55 47 76 62 13 28 4 40 93 52 53 11 84 65 1 3 26 41 78 16 61 97 56 92 68 35 9 99 79 20 73 86 38 90 85 42 70 24 59 69 88 22 23 18 54 48 51 94 15 71 32 72 37 58 74 49 83 36 67 21 10 34 43 14 19 44 0 39 5" score=11106.880077585964>
..................Result.........................
<Individual chromosome="57 60 7 89 17 12 2 75 80 63 96 8 27 29 91 46 81 64 98 33 87 82 31 50 30 66 77 25 45 6 95 55 47 76 62 13 28 4 40 93 52 53 11 84 65 1 3 26 41 78 16 61 97 56 92 68 35 9 99 79 20 73 86 38 90 85 42 70 24 59 69 88 22 23 18 54 48 51 94 15 71 32 72 37 58 74 49 83 36 67 21 10 34 43 14 19 44 0 39 5" score=11106.880077585964>
The plot was saved into the TSPresult_GA_mutate_whole.png file.

Run: 9
The plot was saved into the TSPstart_GA_mutate_whole.png file.
Generation no:1
Best individual: <Individual chromosome="65 3 54 35 5 7 11 12 83 28 42 75 29 31 49 8 55 85 0 92 25 24 51 81 73 74 46 82 69 27 89 4 70 97 20 50 21 48 43 52 67 80 9 39 94 95 2 34 14 98 62 32 93 61 57 16 47 86 68 96 13 53 22 23 19 91 40 84 18 79 87 71 45 10 38 17 64 37 88 59 78 56 44 60 76 77 58 72 6 99 66 15 63 33 1 36 26 90 41 30" score=23594.134389484014>
Generation no:201
Best individual: <Individual chromosome="27 11 74 57 59 60 68 44 20 19 62 13 37 95 6 93 89 33 46 79 49 80 98 24 17 25 70 91 42 99 50 82 39 73 30 86 5 81 38 8 87 54 90 61 16 26 22 10 97 71 55 58 29 7 3 65 4 51 53 12 75 67 88 78 31 43 14 96 0 66 92 52 47 45 76 2 63 41 9 56 21 35 77 69 1 94 32 15 64 85 28 23 36 18 83 48 84 34 40 72" score=15076.87981663499>
Generation no:401
Best individual: <Individual chromosome="40 57 59 33 69 1 64 42 91 70 46 79 0 96 8 87 60 81 83 31 43 50 99 68 82 39 73 9 21 38 19 20 56 30 66 77 44 35 86 5 92 36 10 23 28 85 74 15 29 17 24 98 93 75 12 49 37 13 6 58 55 32 11 62 51 48 84 95 80 3 26 78 22 65 4 41 63 14 61 90 54 16 97 18 34 88 67 89 27 2 52 47 45 94 71 72 76 53 7 25" score=13102.943593998247>
Generation no:601
Best individual: <Individual chromosome="71 64 62 83 85 47 52 6 93 98 91 70 12 40 7 49 57 82 59 43 18 36 56 19 42 29 17 24 27 2 8 35 73 96 61 16 34 30 5 77 23 22 1 78 88 63 67 65 3 90 41 51 84 26 54 80 13 37 76 55 58 95 94 32 15 74 11 4 69 39 38 48 97 21 86 50 31 79 99 68 0 44 9 20 92 10 66 81 33 46 87 60 89 25 28 14 75 45 72 53" score=11978.841395833875>
Generation no:801
Best individual: <Individual chromosome="70 42 45 85 62 69 33 60 87 20 10 34 54 41 16 36 43 97 11 74 4 65 22 59 92 8 77 5 68 99 39 50 44 35 0 56 66 79 75 28 80 83 49 30 86 73 9 21 96 1 23 67 88 61 90 64 7 81 31 57 2 37 58 32 55 6 12 93 46 82 19 38 14 26 78 18 63 51 47 52 95 53 71 72 76 15 94 13 3 48 84 89 17 29 24 98 91 27 40 25" score=11519.58697574036>
..................Result.........................
<Individual chromosome="43 49 52 47 51 63 36 16 41 84 64 7 81 70 33 60 53 37 32 95 97 85 13 71 80 4 62 83 11 74 23 1 65 96 18 10 73 86 30 9 21 78 26 38 14 34 54 57 31 99 35 44 0 56 39 50 66 92 59 2 94 15 6 76 72 55 58 42 45 28 12 93 46 89 27 24 17 29 98 40 25 91 69 68 5 19 82 87 77 20 8 79 75 3 48 90 61 88 67 22" score=11490.239341502367>
The plot was saved into the TSPresult_GA_mutate_whole.png file.

AVERAGE ON RUNS =%.02f 11373.092636775968
..................End.........................
