Running parameters:
    num_runs = 10
    mutate = 'whole' # 'one' or 'whole
    pop_sizes = [1000, 1000, 1000]
    maxgens = [1000, 1000, 1000]
    birthrates = [0.2, 0.3, 0.4]
    crossrates = [0.9, 0.9, 0.9]
    mutrates = [0.005, 0.005, 0.005]
    operators = ['crossover'] # 'crossover', 'reverse', 'swap'

..................Start.........................
birthrate = 0.2 operator = crossover
Run: 0
The plot was saved into the TSPstart_GA_mutate_whole.png file.
Generation no:1
Best individual: <Individual chromosome="92 91 68 4 11 62 45 40 61 36 73 88 51 13 17 24 71 53 50 83 95 14 10 57 75 32 94 34 19 27 5 77 25 2 98 26 56 18 70 85 38 6 76 65 89 67 96 90 23 28 41 42 81 59 93 52 66 35 78 87 60 49 43 20 84 63 22 64 47 7 29 9 82 46 16 0 58 69 30 31 8 79 3 97 74 1 48 80 33 39 44 15 55 72 37 54 99 21 12 86" score=23300.07495060581>
Generation no:201
Best individual: <Individual chromosome="32 48 14 59 82 31 8 0 87 24 57 9 99 68 39 19 63 3 54 47 78 22 18 50 92 44 5 35 66 77 30 67 73 10 88 23 52 6 74 38 43 49 51 13 12 45 62 55 15 26 16 1 84 90 65 97 36 34 21 61 41 96 56 86 69 85 28 75 11 64 93 83 42 79 20 89 17 29 33 91 46 40 98 25 27 70 60 81 7 2 80 4 72 58 37 95 76 71 53 94" score=11063.462996492368>
Generation no:401
Best individual: <Individual chromosome="32 48 14 8 31 59 99 68 39 0 82 87 24 57 79 19 63 78 22 18 50 69 77 44 5 35 92 66 56 73 10 88 49 11 52 47 13 55 15 54 26 23 1 90 97 51 84 65 3 16 67 34 21 41 61 36 96 30 86 9 38 43 74 62 6 45 12 85 4 42 28 83 80 64 75 40 89 46 25 98 91 17 29 27 70 33 60 20 81 7 2 93 37 58 95 76 72 53 71 94" score=8208.386189648418>
Generation no:601
Best individual: <Individual chromosome="32 48 14 8 31 99 68 39 0 82 87 24 57 59 79 19 63 22 18 50 69 77 44 5 35 92 66 56 73 10 88 49 11 52 47 13 55 15 54 78 26 23 1 90 97 51 84 65 3 16 67 34 96 41 61 36 21 86 9 30 38 43 74 64 45 6 12 85 4 42 28 83 80 62 75 40 46 25 98 91 17 89 29 27 70 33 60 20 81 7 2 93 37 58 72 95 76 53 71 94" score=7766.61526681577>
Generation no:801
Best individual: <Individual chromosome="32 48 14 8 31 99 39 35 0 82 87 57 59 79 19 88 22 18 50 69 77 44 5 68 92 66 56 73 10 63 49 11 52 47 13 71 15 54 78 26 23 1 90 97 51 3 65 84 16 67 34 96 41 61 36 21 86 9 30 38 43 74 64 45 6 12 42 4 28 85 83 80 62 75 40 46 25 98 91 17 89 29 27 24 70 33 60 20 81 7 2 93 37 58 72 95 76 55 94 53" score=7179.884934019033>
..................Result.........................
<Individual chromosome="32 48 14 8 31 99 39 35 0 60 87 57 59 79 19 88 22 18 50 69 77 44 5 68 92 66 56 73 10 63 49 11 52 13 71 15 47 54 78 26 1 90 97 51 3 65 84 16 23 67 34 96 41 61 36 21 86 9 30 38 43 74 83 64 45 6 12 42 4 28 85 80 62 75 40 25 98 46 91 89 29 17 27 70 24 33 82 20 81 7 2 93 37 58 72 95 76 55 94 53" score=6995.199284209126>
The plot was saved into the TSPresult_GA_mutate_whole.png file.

Run: 1
The plot was saved into the TSPstart_GA_mutate_whole.png file.
Generation no:1
Best individual: <Individual chromosome="39 56 68 82 31 66 96 58 12 19 7 72 59 5 93 57 47 64 70 24 29 78 71 76 80 23 53 16 25 36 41 17 69 94 75 45 38 22 26 65 81 86 9 3 90 34 1 11 28 83 13 44 74 91 50 63 40 30 87 27 99 52 97 92 0 33 4 37 48 84 85 51 89 6 46 35 73 49 32 54 60 8 43 20 55 10 21 61 67 79 98 62 95 18 15 2 14 42 77 88" score=23787.464209564005>
Generation no:201
Best individual: <Individual chromosome="99 0 23 93 47 53 62 85 24 91 27 89 2 37 55 95 72 6 12 57 98 81 70 40 29 46 17 33 25 15 13 71 45 58 76 94 52 11 64 32 28 75 42 80 4 74 83 7 79 87 44 66 92 5 50 10 86 30 31 19 14 8 9 82 60 20 26 59 49 41 54 67 21 34 88 78 1 97 61 36 22 48 90 63 51 65 84 3 16 43 18 96 38 73 39 35 56 69 77 68" score=10866.069099360635>
Generation no:401
Best individual: <Individual chromosome="99 0 23 93 62 85 27 89 24 91 98 2 47 53 37 55 95 72 6 12 81 70 17 29 40 46 33 25 13 15 71 45 58 76 32 94 52 11 64 75 80 4 42 28 83 74 57 7 87 82 60 44 66 92 5 86 30 50 31 79 20 19 14 8 59 9 10 96 21 34 88 41 26 78 97 90 49 43 38 67 36 61 63 1 54 84 65 48 51 3 16 22 18 73 56 39 35 68 77 69" score=7527.366016473235>
Generation no:601
Best individual: <Individual chromosome="99 0 23 62 85 40 24 27 91 98 2 47 53 37 55 95 58 6 93 12 81 70 17 29 89 46 33 25 13 15 71 45 72 76 94 32 52 11 64 75 80 4 42 28 83 74 57 7 87 82 60 69 66 92 5 86 30 9 50 31 79 59 20 19 14 8 96 10 21 34 88 41 26 78 90 97 49 43 38 67 36 61 63 1 3 84 65 48 51 54 16 22 18 73 56 39 35 68 44 77" score=7014.896213747412>
Generation no:801
Best individual: <Individual chromosome="99 0 23 62 40 24 27 91 98 2 47 53 37 55 95 72 6 93 12 81 70 46 17 29 89 33 25 13 71 45 58 76 94 32 15 52 11 64 75 80 85 4 42 28 83 74 57 7 87 82 60 69 66 92 5 30 9 50 31 79 59 20 19 14 8 96 10 21 34 88 41 26 78 90 97 49 43 38 67 22 36 61 63 1 3 51 65 48 84 54 16 18 73 86 56 39 35 68 44 77" score=6823.649857733445>
..................Result.........................
<Individual chromosome="99 0 81 62 40 27 91 98 2 47 53 37 95 72 6 93 12 70 46 24 17 29 89 33 25 13 71 45 58 55 76 94 32 15 52 11 64 75 80 85 4 42 28 83 74 57 7 87 82 60 69 66 92 5 50 9 30 31 79 59 20 19 14 8 96 10 21 34 88 41 26 78 90 97 49 43 38 23 67 22 36 61 63 1 3 51 65 48 84 54 16 18 73 86 56 39 35 68 44 77" score=6631.531500534574>
The plot was saved into the TSPresult_GA_mutate_whole.png file.

Run: 2
The plot was saved into the TSPstart_GA_mutate_whole.png file.
Generation no:1
Best individual: <Individual chromosome="91 49 6 33 19 0 77 15 92 5 57 50 35 28 31 20 56 25 83 4 23 38 75 58 45 81 63 8 76 2 95 88 96 27 29 47 9 64 40 98 51 36 18 78 90 13 61 11 26 3 30 34 80 67 74 52 70 89 65 97 48 43 71 73 37 84 42 12 32 94 1 69 22 54 24 17 62 99 21 55 85 93 79 46 72 53 41 87 44 16 82 86 7 14 68 39 66 59 60 10" score=23498.087947712214>
Generation no:201
Best individual: <Individual chromosome="51 3 26 65 71 94 55 76 95 37 72 53 6 12 25 2 28 83 92 0 39 22 67 42 40 46 81 27 29 17 70 89 79 20 77 60 59 33 91 80 4 85 14 82 93 58 62 9 56 86 19 48 84 63 21 96 34 35 73 5 68 99 44 66 69 8 43 31 50 1 36 10 18 88 54 16 61 41 38 90 15 45 64 32 52 49 97 78 47 11 75 13 74 23 30 24 87 98 7 57" score=11616.94182006124>
Generation no:401
Best individual: <Individual chromosome="51 26 3 65 71 94 55 76 37 95 72 53 6 12 25 2 28 83 92 0 39 88 67 42 40 27 70 46 81 79 20 82 69 60 59 98 24 17 29 89 33 91 93 58 62 80 4 85 48 84 63 21 34 96 9 35 56 73 86 30 5 68 44 66 77 99 50 19 31 14 8 43 38 10 22 18 36 23 1 54 16 61 41 78 90 97 47 13 45 15 32 52 11 64 75 49 74 57 87 7" score=8199.366772815438>
Generation no:601
Best individual: <Individual chromosome="51 26 3 65 71 94 55 76 95 72 53 58 37 6 12 42 28 83 92 0 39 22 67 2 40 98 27 70 46 79 20 82 69 60 59 81 33 24 17 29 89 91 25 93 62 80 4 85 48 84 1 96 34 21 86 35 56 73 9 30 5 68 44 66 77 99 50 19 31 14 8 43 38 10 88 18 36 23 63 54 16 61 41 78 90 97 47 13 45 15 32 52 11 64 75 49 74 57 87 7" score=7604.856411770914>
Generation no:801
Best individual: <Individual chromosome="51 26 3 65 71 15 55 76 95 72 53 58 37 6 12 42 28 92 0 39 10 67 2 98 27 70 46 79 20 82 69 60 87 7 81 33 24 17 29 89 91 40 25 93 62 80 4 85 49 48 84 1 34 21 86 35 56 73 9 30 68 5 44 66 77 99 50 19 31 14 8 43 38 96 22 88 18 36 23 63 54 16 61 41 78 90 97 47 13 45 94 32 52 11 64 75 83 74 57 59" score=7225.866167687745>
..................Result.........................
<Individual chromosome="51 26 3 65 71 15 55 76 95 72 45 58 37 6 12 42 28 92 0 39 10 67 98 27 70 46 79 20 82 69 60 87 7 81 33 24 17 29 89 91 40 25 2 93 62 80 4 85 49 48 84 1 22 34 21 86 35 56 73 9 30 68 5 44 66 77 99 50 19 31 14 8 43 38 96 88 18 36 23 63 54 16 61 41 78 90 97 47 13 53 32 94 52 11 64 75 83 59 57 74" score=6910.643646900736>
The plot was saved into the TSPresult_GA_mutate_whole.png file.

Run: 3
The plot was saved into the TSPstart_GA_mutate_whole.png file.
Generation no:1
Best individual: <Individual chromosome="79 63 22 61 71 70 25 84 58 90 72 29 16 57 31 8 33 98 81 20 39 50 7 95 99 38 26 47 48 4 52 17 32 54 73 89 53 11 41 30 78 23 96 86 6 59 62 55 44 28 34 9 88 56 51 85 36 69 42 0 49 1 66 68 92 82 46 97 87 74 13 18 5 76 37 60 93 43 14 67 3 83 2 21 40 91 24 64 65 10 35 77 19 94 75 27 12 15 45 80" score=24147.69138680368>
Generation no:201
Best individual: <Individual chromosome="38 80 28 82 60 17 91 29 24 14 65 54 26 74 4 85 62 6 19 50 31 57 43 63 41 61 79 81 87 8 1 90 67 49 59 73 39 92 69 99 9 5 56 86 34 96 48 3 52 47 32 15 13 71 64 58 76 37 95 72 55 75 53 51 2 25 40 7 83 12 94 16 36 22 18 42 93 89 70 98 27 33 35 77 68 30 21 88 10 0 44 66 20 46 45 11 97 84 78 23" score=12252.69117839379>
Generation no:401
Best individual: <Individual chromosome="38 80 28 82 60 17 91 29 24 65 54 26 74 85 62 6 4 14 19 50 31 87 81 57 43 63 41 61 79 8 1 67 49 59 73 39 92 69 99 9 56 86 34 96 3 48 51 52 47 15 32 13 64 71 76 95 72 37 58 55 94 53 45 2 25 40 7 42 83 78 16 36 18 22 75 12 93 98 27 89 46 70 33 77 5 68 35 0 44 66 20 30 10 21 88 11 84 97 90 23" score=9738.374904202268>
Generation no:601
Best individual: <Individual chromosome="38 28 82 60 24 91 29 17 85 65 54 26 74 80 62 6 4 14 19 50 31 87 81 57 43 63 41 61 79 8 1 49 59 92 69 99 9 73 56 86 34 88 23 3 48 51 11 52 47 15 32 13 64 71 76 95 72 58 37 55 94 53 45 93 12 40 25 7 42 83 78 16 36 18 22 75 2 98 27 89 70 46 33 77 66 44 5 68 0 35 39 20 30 96 10 21 67 84 97 90" score=8872.886486927055>
Generation no:801
Best individual: <Individual chromosome="49 28 82 60 24 17 29 91 85 65 54 26 80 62 6 4 14 19 50 31 79 87 81 57 74 43 63 41 61 38 8 1 59 92 69 99 9 73 56 86 21 88 23 3 48 51 52 47 15 32 13 64 11 71 76 95 72 58 37 55 94 53 45 93 12 25 98 7 42 83 84 16 36 18 22 75 2 40 27 89 70 46 33 77 66 44 5 68 0 35 39 20 30 96 10 34 67 78 97 90" score=8448.287158192203>
..................Result.........................
<Individual chromosome="49 28 82 60 24 17 29 91 85 65 54 26 80 62 6 4 14 19 31 79 87 81 57 74 43 63 41 61 1 38 8 59 92 69 99 50 9 73 56 86 21 34 88 23 3 48 51 52 47 15 13 64 11 71 32 95 72 58 37 76 55 94 53 45 93 12 25 98 7 42 83 84 16 36 18 22 75 2 40 89 27 70 46 33 77 66 44 5 68 0 35 39 20 30 10 96 67 78 90 97" score=7995.1648946056575>
The plot was saved into the TSPresult_GA_mutate_whole.png file.

Run: 4
The plot was saved into the TSPstart_GA_mutate_whole.png file.
Generation no:1
Best individual: <Individual chromosome="89 38 8 94 15 0 96 17 46 27 13 6 43 45 64 41 39 21 48 59 47 1 99 81 33 79 24 40 2 95 93 44 54 55 76 52 84 75 23 67 16 22 12 92 73 57 77 37 7 3 36 34 82 42 32 72 87 10 49 56 18 71 74 50 51 26 20 25 63 14 97 11 90 91 98 69 86 31 88 80 29 60 9 68 70 35 66 58 65 5 62 61 30 78 19 4 83 53 85 28" score=23341.64817480663>
Generation no:201
Best individual: <Individual chromosome="66 4 25 46 57 44 69 60 79 50 20 56 10 7 81 87 89 29 70 33 92 99 5 77 86 82 17 27 2 58 75 8 59 38 43 83 71 47 15 40 91 24 85 28 11 64 6 94 32 52 49 55 3 84 35 31 30 9 96 73 21 34 22 23 54 63 48 41 16 18 26 1 65 93 45 95 72 53 37 12 76 62 74 80 42 98 14 88 90 13 36 61 78 97 51 67 68 39 0 19" score=12475.608463613586>
Generation no:401
Best individual: <Individual chromosome="79 4 57 66 44 5 92 77 99 50 19 86 56 20 82 69 60 7 25 46 81 87 33 70 24 89 29 17 27 91 98 40 2 59 8 38 43 85 28 83 49 47 71 94 32 52 11 64 55 76 58 6 75 31 35 30 9 96 73 21 34 23 63 3 84 97 26 16 54 48 65 15 45 53 95 72 37 93 12 42 80 62 13 74 14 18 22 36 41 1 78 51 90 61 67 88 10 39 68 0" score=7712.4440215483355>
Generation no:601
Best individual: <Individual chromosome="79 59 57 66 44 5 92 77 99 50 86 56 20 82 69 60 87 46 25 7 81 33 70 24 89 29 17 27 91 98 40 2 75 80 8 38 43 49 85 83 52 47 71 94 32 11 64 76 55 58 6 28 19 31 35 30 9 96 73 21 34 23 63 3 84 78 26 16 54 48 65 15 53 95 72 37 45 93 12 42 4 62 13 74 14 18 22 36 61 41 90 97 51 1 67 88 10 39 0 68" score=7008.73282349207>
Generation no:801
Best individual: <Individual chromosome="79 59 57 66 44 5 92 77 99 35 39 56 20 82 69 60 87 46 25 7 81 33 70 24 89 29 17 27 91 98 40 2 42 80 8 38 43 49 85 83 52 47 71 94 32 11 64 76 55 37 6 4 28 19 31 50 30 9 96 73 21 34 23 63 3 84 78 26 16 54 51 48 65 15 53 95 72 58 45 93 12 75 62 13 74 14 18 22 36 61 41 97 90 1 67 88 10 86 0 68" score=6645.075294509071>
..................Result.........................
<Individual chromosome="79 59 57 66 44 5 92 77 99 35 39 56 50 82 69 60 87 46 25 7 81 33 70 24 89 29 17 27 91 98 40 2 42 80 85 8 38 43 49 13 52 47 71 94 32 11 64 76 55 37 6 4 28 19 31 20 30 9 86 73 21 34 23 63 97 3 84 78 26 16 54 51 48 65 15 53 95 72 58 45 93 12 75 62 83 74 14 22 18 36 61 41 90 1 67 88 96 10 0 68" score=6370.021295020022>
The plot was saved into the TSPresult_GA_mutate_whole.png file.

Run: 5
The plot was saved into the TSPstart_GA_mutate_whole.png file.
Generation no:1
Best individual: <Individual chromosome="14 30 8 38 56 42 12 50 47 83 89 40 69 77 3 76 65 13 85 79 19 9 41 78 62 80 31 52 4 49 66 36 88 10 11 60 7 17 95 25 1 48 28 98 86 72 84 90 64 53 6 22 61 5 74 75 51 67 20 2 15 18 34 94 32 68 55 81 46 27 37 45 54 21 16 96 33 44 58 71 93 24 59 92 43 99 29 26 35 82 57 0 91 70 39 73 23 87 63 97" score=23031.800210297028>
Generation no:201
Best individual: <Individual chromosome="42 21 96 88 51 11 2 85 40 70 27 17 46 37 45 4 91 28 80 83 93 12 75 47 65 48 97 26 84 90 43 20 82 9 73 36 1 74 6 55 15 13 58 76 95 49 32 72 62 86 39 35 56 5 44 77 30 14 57 24 81 69 79 60 31 99 50 92 0 66 68 19 10 63 38 23 78 18 67 34 22 61 16 54 41 53 94 64 52 71 3 59 7 8 87 33 25 89 29 98" score=11481.796392005572>
Generation no:401
Best individual: <Individual chromosome="42 38 88 51 11 85 2 40 91 27 24 17 46 70 83 80 37 45 93 12 75 47 65 48 97 26 84 90 43 20 9 73 36 1 74 28 4 62 6 55 15 32 13 58 72 76 95 49 86 56 39 35 5 44 77 30 14 57 81 82 69 60 79 31 99 50 92 66 68 0 19 10 96 23 63 78 18 67 59 34 22 61 41 16 54 3 52 53 94 71 64 8 21 7 87 33 89 29 25 98" score=9241.485055876588>
Generation no:601
Best individual: <Individual chromosome="42 38 51 11 85 2 40 91 27 24 17 46 70 83 80 37 45 93 12 75 47 65 48 97 84 90 43 9 73 88 36 1 74 28 4 62 6 13 15 32 94 55 58 72 76 95 49 10 86 56 39 35 5 44 77 30 14 8 57 7 81 82 60 69 20 79 31 50 99 92 66 68 0 19 96 23 63 26 78 41 67 21 34 18 22 61 16 54 3 52 53 71 64 59 87 33 89 29 98 25" score=7842.888563871329>
Generation no:801
Best individual: <Individual chromosome="42 38 51 11 85 2 40 91 27 24 17 46 70 83 80 37 45 93 12 75 52 65 48 97 84 90 43 9 73 88 22 1 74 28 4 62 6 13 15 32 94 55 58 72 76 95 49 10 56 86 39 35 5 44 77 30 14 8 57 7 81 82 60 69 20 79 31 50 99 92 66 68 0 19 96 23 63 26 78 41 67 34 21 18 36 61 16 54 3 47 53 71 64 59 87 33 89 29 98 25" score=7766.648387830793>
..................Result.........................
<Individual chromosome="42 1 51 11 2 40 91 27 24 17 46 70 85 83 80 37 45 93 12 75 52 65 48 97 84 90 43 19 73 88 36 38 74 28 4 62 6 15 32 94 55 58 72 76 95 13 49 10 56 86 39 35 5 44 77 30 14 8 57 7 81 82 60 69 20 79 31 50 99 66 92 68 0 9 96 23 63 26 78 41 67 34 21 18 22 61 16 54 3 47 71 53 64 59 87 33 89 29 98 25" score=7604.765655267263>
The plot was saved into the TSPresult_GA_mutate_whole.png file.

Run: 6
The plot was saved into the TSPstart_GA_mutate_whole.png file.
Generation no:1
Best individual: <Individual chromosome="39 18 99 79 9 26 5 64 41 34 95 94 55 63 38 49 24 53 23 77 3 66 22 71 72 48 44 83 85 7 81 14 20 88 69 58 65 32 75 91 46 89 16 35 74 25 17 87 52 42 70 36 27 45 61 90 2 76 43 31 21 8 13 11 4 37 40 47 19 59 60 57 98 67 73 68 82 1 78 86 84 93 6 12 10 80 96 54 30 15 62 0 51 97 92 33 29 28 50 56" score=23864.99371133392>
Generation no:201
Best individual: <Individual chromosome="0 86 56 30 19 67 34 10 96 23 59 79 49 14 9 35 68 8 83 41 78 15 87 7 73 39 77 44 50 69 57 81 66 5 92 99 31 20 82 60 46 33 91 25 24 27 89 29 40 70 17 98 64 11 52 80 4 93 75 74 54 63 21 18 36 61 22 88 28 85 55 71 2 12 6 37 76 51 84 26 16 1 62 47 94 45 95 72 58 13 53 32 48 90 97 3 65 43 42 38" score=10795.75960916901>
Generation no:401
Best individual: <Individual chromosome="30 0 86 56 67 34 10 96 23 19 79 59 14 9 35 68 8 41 78 54 50 73 39 77 44 69 87 66 5 92 99 31 20 7 57 81 82 60 33 46 70 24 27 17 89 29 40 91 98 25 42 64 11 52 80 4 93 75 83 74 21 18 36 61 22 88 63 49 85 28 2 12 6 45 37 76 55 94 15 71 65 84 16 26 1 62 13 58 72 95 32 53 47 48 51 3 97 90 38 43" score=7808.86670444845>
Generation no:601
Best individual: <Individual chromosome="30 0 86 73 34 10 96 23 19 79 59 9 35 68 50 14 8 41 88 67 56 39 5 77 44 69 66 92 99 31 20 57 7 81 87 82 60 33 24 70 46 27 17 89 29 40 91 98 25 42 64 11 52 80 4 75 83 74 21 18 36 61 22 78 63 49 85 28 93 2 12 6 45 37 76 55 94 15 71 65 84 54 16 26 1 62 13 58 72 95 32 53 47 48 51 3 97 90 38 43" score=7091.610640327332>
Generation no:801
Best individual: <Individual chromosome="30 0 86 73 34 10 96 19 79 59 9 68 5 50 14 8 23 67 88 56 39 35 77 44 69 66 92 99 31 20 57 7 81 87 82 60 33 24 70 46 27 17 89 29 40 91 98 25 42 64 11 52 80 75 4 83 74 21 18 22 36 61 41 78 63 49 85 28 2 12 93 6 45 37 76 55 94 15 71 65 84 54 16 26 1 62 13 58 72 95 32 53 47 48 51 3 97 90 38 43" score=6594.322413855201>
..................Result.........................
<Individual chromosome="30 0 86 73 10 96 19 79 9 68 5 92 50 14 8 23 67 34 21 56 39 35 77 44 66 99 31 20 59 57 7 81 87 69 82 60 33 24 70 46 27 17 89 29 40 91 98 25 42 64 11 52 80 75 4 83 74 88 18 22 36 61 41 78 63 49 85 28 2 12 93 6 45 37 76 55 94 15 71 65 84 54 16 26 1 62 13 58 72 95 32 53 47 48 51 3 97 90 38 43" score=6203.478128593433>
The plot was saved into the TSPresult_GA_mutate_whole.png file.

Run: 7
The plot was saved into the TSPstart_GA_mutate_whole.png file.
Generation no:1
Best individual: <Individual chromosome="64 4 45 26 33 98 17 12 87 71 80 24 44 15 32 25 57 43 59 56 77 76 65 84 72 51 97 18 58 92 69 91 27 75 67 50 62 47 6 96 11 23 49 78 83 37 93 40 28 81 22 35 0 86 46 52 39 55 90 20 41 99 68 21 36 54 61 5 31 63 60 8 66 30 73 7 19 53 16 1 9 38 3 34 82 89 95 70 2 94 79 13 29 85 42 14 88 48 10 74" score=23292.24237484064>
Generation no:201
Best individual: <Individual chromosome="84 16 54 49 45 29 33 24 72 15 94 52 43 51 41 88 56 92 7 85 27 87 39 73 86 21 90 4 12 93 6 78 3 26 8 96 20 28 98 46 60 59 42 62 13 53 58 64 97 22 61 67 1 63 19 36 77 30 10 18 17 70 82 81 0 35 99 66 79 5 68 44 69 74 11 47 71 76 95 89 91 9 50 14 38 32 75 37 55 48 65 23 34 31 57 83 80 2 25 40" score=13987.522490969463>
Generation no:401
Best individual: <Individual chromosome="16 54 84 45 29 24 7 32 15 94 52 75 92 56 39 73 86 21 41 90 4 12 93 6 97 78 3 26 28 98 46 42 62 13 53 58 64 43 14 8 63 36 18 22 61 67 88 1 96 10 30 19 99 35 0 77 60 87 33 81 82 69 59 57 79 50 5 68 66 44 20 31 9 38 74 89 17 70 27 91 40 25 2 80 85 83 49 11 47 71 37 72 55 76 95 65 48 51 23 34" score=9299.56945449416>
Generation no:601
Best individual: <Individual chromosome="16 54 84 45 29 24 7 32 15 94 52 75 92 56 39 73 86 21 41 4 12 93 6 58 97 3 78 26 90 28 46 98 42 62 64 13 53 43 14 8 63 36 18 22 61 67 88 1 96 10 30 19 9 35 0 77 60 87 33 81 82 69 59 79 50 99 68 5 66 44 20 31 38 74 57 70 89 17 27 91 40 25 2 80 85 83 49 11 47 71 37 72 95 76 55 65 48 51 23 34" score=8945.335906928469>
Generation no:801
Best individual: <Individual chromosome="16 54 84 45 29 24 70 32 15 94 52 92 56 39 73 86 21 4 12 93 6 58 97 3 78 26 90 28 46 98 42 75 62 64 13 53 43 8 38 23 41 36 18 22 61 67 88 34 96 10 30 19 9 35 0 77 60 87 33 81 69 82 79 50 99 68 5 44 66 20 31 14 74 59 57 7 89 17 27 91 40 25 2 80 85 83 49 11 47 71 37 72 95 76 55 65 48 51 1 63" score=8249.340985966279>
..................Result.........................
<Individual chromosome="16 54 84 45 29 24 70 32 15 94 52 14 56 39 73 86 21 4 12 93 6 37 97 3 78 26 90 28 46 98 42 75 62 64 13 53 74 8 43 38 23 41 36 18 22 61 67 88 34 10 96 30 19 9 35 0 92 77 60 87 33 81 82 69 50 99 68 5 44 66 20 79 31 59 57 7 27 17 89 91 40 25 2 80 85 83 49 11 47 71 58 72 95 76 55 65 48 51 1 63" score=7815.961498044331>
The plot was saved into the TSPresult_GA_mutate_whole.png file.

Run: 8
The plot was saved into the TSPstart_GA_mutate_whole.png file.
Generation no:1
Best individual: <Individual chromosome="53 72 42 59 10 51 63 87 82 76 57 1 38 98 33 0 79 86 81 85 54 26 29 90 23 84 66 46 67 56 45 24 92 99 2 75 47 12 65 52 74 69 70 34 4 6 8 73 20 68 77 18 36 41 13 14 22 39 31 97 15 83 78 5 21 49 32 37 30 62 48 35 88 94 28 93 50 16 43 55 58 19 95 3 25 89 27 17 61 96 60 44 7 80 71 40 64 11 9 91" score=23853.235662455896>
Generation no:201
Best individual: <Individual chromosome="43 68 39 50 20 59 77 34 54 90 2 75 64 85 65 11 52 71 95 72 76 13 97 87 66 44 82 33 25 24 83 12 37 15 32 6 47 51 3 41 94 45 93 61 18 88 22 36 78 48 84 49 4 80 7 28 96 63 57 27 91 98 89 17 40 74 14 60 81 70 46 29 8 23 16 67 42 62 26 1 38 10 21 9 69 99 35 0 5 92 30 31 79 19 86 73 56 55 58 53" score=12599.775425135527>
Generation no:401
Best individual: <Individual chromosome="43 50 20 59 34 54 65 52 71 95 72 76 13 2 87 66 44 77 82 33 24 25 83 64 75 37 15 32 12 93 6 45 11 47 94 97 51 3 78 1 41 61 36 18 22 67 88 49 28 85 42 7 57 98 40 74 8 14 79 60 81 46 70 27 89 29 17 91 4 62 48 84 26 16 90 63 23 38 21 10 96 73 86 56 9 99 31 19 30 68 35 39 0 5 92 69 80 58 55 53" score=8528.029615965226>
Generation no:601
Best individual: <Individual chromosome="43 50 20 59 34 54 65 52 71 95 72 76 13 75 2 87 66 44 77 82 33 24 25 83 64 53 15 32 12 93 6 45 11 47 94 97 51 3 78 90 1 41 61 16 36 18 22 67 38 49 74 85 28 42 98 40 7 57 8 14 79 60 81 46 70 27 89 29 17 91 4 62 48 84 26 63 23 88 21 10 96 73 86 56 9 30 31 19 99 35 39 0 68 5 92 69 80 37 58 55" score=7922.175388801571>
Generation no:801
Best individual: <Individual chromosome="43 19 20 50 34 54 65 52 71 95 72 76 13 75 2 87 69 44 77 82 33 24 25 83 64 53 15 32 55 93 12 6 45 11 47 94 51 3 78 97 90 1 41 61 16 36 18 22 67 38 49 74 85 28 42 98 40 7 57 59 8 14 79 60 81 46 70 27 89 29 17 91 4 62 48 84 26 63 23 88 96 10 21 73 86 56 9 30 99 39 35 0 68 5 92 66 31 80 37 58" score=7554.516870336685>
..................Result.........................
<Individual chromosome="43 19 20 50 96 54 65 52 53 95 72 76 13 75 4 87 69 44 77 82 33 24 25 62 64 71 15 32 11 93 12 6 45 55 94 47 51 3 78 97 90 1 41 61 16 36 18 22 67 38 49 74 85 28 42 98 40 7 57 59 8 14 79 60 81 46 70 27 17 29 89 91 2 83 48 84 26 63 23 88 34 10 21 73 86 56 9 30 99 39 35 0 68 5 92 66 31 80 37 58" score=7340.181127088117>
The plot was saved into the TSPresult_GA_mutate_whole.png file.

Run: 9
The plot was saved into the TSPstart_GA_mutate_whole.png file.
Generation no:1
Best individual: <Individual chromosome="64 84 75 76 58 37 28 72 3 80 50 56 26 23 74 9 78 83 20 48 90 41 11 69 60 29 19 13 12 6 40 65 59 35 17 43 10 18 21 51 46 24 68 96 49 38 67 88 62 31 86 91 4 5 39 54 32 93 30 27 14 15 81 2 98 70 61 53 45 63 79 92 73 33 95 0 25 97 55 94 47 16 82 8 77 1 57 99 66 85 89 87 52 71 36 7 42 34 22 44" score=23512.922587416164>
Generation no:201
Best individual: <Individual chromosome="36 61 79 57 81 70 78 48 41 26 51 21 31 56 0 35 73 14 38 75 42 37 55 76 93 12 22 16 54 84 1 67 65 52 71 32 72 95 94 28 62 83 4 74 85 46 17 7 59 30 50 86 87 25 98 91 89 40 33 8 19 99 20 10 96 34 18 80 9 44 77 60 69 92 66 5 68 39 82 64 58 13 2 24 27 29 6 45 15 53 47 90 23 97 3 11 88 49 43 63" score=11857.075024175785>
Generation no:401
Best individual: <Individual chromosome="96 57 81 78 48 51 26 61 18 21 56 0 35 73 86 14 8 43 75 55 76 37 93 12 65 52 71 32 72 95 94 62 83 28 4 74 67 22 16 54 84 1 36 41 85 46 17 7 59 30 50 87 70 98 25 40 91 89 33 79 19 10 9 99 31 20 77 66 92 5 68 39 44 69 60 82 24 29 27 42 2 58 13 64 6 45 53 15 47 97 90 3 11 80 49 38 63 23 88 34" score=8893.411351144174>
Generation no:601
Best individual: <Individual chromosome="96 57 78 48 51 26 61 18 21 56 0 35 86 73 14 8 43 75 93 52 71 32 58 37 72 95 55 76 94 62 28 4 74 67 22 36 16 54 84 1 41 83 85 46 17 70 7 59 79 87 81 25 98 40 91 89 33 99 30 19 10 9 50 31 20 77 66 92 5 68 39 44 69 60 82 24 29 27 42 2 12 13 64 6 45 53 15 47 65 3 90 97 11 80 49 38 23 63 88 34" score=7959.5891311703435>
Generation no:801
Best individual: <Individual chromosome="10 57 51 48 78 26 61 18 21 56 0 35 86 73 14 8 75 93 52 71 32 58 37 72 95 55 76 94 62 28 4 80 74 43 67 22 36 16 54 84 41 1 83 85 46 70 7 59 79 87 81 25 98 40 91 33 99 30 19 96 9 50 31 20 77 66 92 5 68 39 44 69 60 82 24 17 89 29 27 42 2 12 13 64 6 45 53 15 47 65 3 90 97 11 49 38 23 63 88 34" score=7683.187925826962>
..................Result.........................
<Individual chromosome="10 96 48 51 78 26 61 18 21 56 0 35 86 73 14 8 75 93 52 71 32 58 37 72 95 55 76 94 62 28 74 43 67 22 36 16 54 84 41 1 83 85 4 46 70 7 59 79 87 81 25 98 40 91 33 99 30 19 57 9 50 31 20 77 66 92 5 68 39 44 69 60 82 24 17 89 29 27 42 2 12 13 64 6 45 53 15 47 65 3 90 97 11 80 49 38 23 63 88 34" score=7581.821541883108>
The plot was saved into the TSPresult_GA_mutate_whole.png file.

..................End.........................

..................Start.........................
birthrate = 0.3 operator = crossover
Run: 0
The plot was saved into the TSPstart_GA_mutate_whole.png file.
Generation no:1
Best individual: <Individual chromosome="52 11 65 29 28 6 55 45 37 26 90 77 98 32 47 44 33 49 53 66 79 57 13 9 54 31 7 89 70 81 4 42 46 2 21 34 64 3 56 30 18 61 0 99 82 60 1 88 16 85 68 48 74 12 71 62 43 93 36 80 41 10 38 35 59 94 25 91 84 51 83 23 95 58 22 73 19 27 87 92 67 63 5 8 78 15 17 40 86 50 24 96 69 39 72 97 20 76 75 14" score=22942.65693167686>
Generation no:201
Best individual: <Individual chromosome="31 7 82 0 5 66 77 81 49 56 73 90 9 44 39 20 95 37 45 85 74 17 91 29 98 70 40 80 8 62 79 59 14 55 6 52 15 75 12 76 72 84 93 13 58 32 97 11 47 94 53 38 83 41 26 1 67 21 86 35 69 60 92 33 42 4 2 25 64 57 24 89 87 96 48 71 43 30 10 23 28 65 18 88 27 46 50 99 68 34 16 54 51 61 63 19 78 36 3 22" score=14938.635056580415>
Generation no:401
Best individual: <Individual chromosome="7 62 13 58 55 76 72 15 32 47 80 40 25 46 70 17 91 98 42 2 75 6 93 8 57 59 44 66 0 39 35 86 56 5 99 77 19 31 20 82 69 60 24 29 89 27 52 53 94 11 84 54 48 65 26 16 3 90 97 71 37 45 95 4 64 12 85 83 28 14 23 78 51 63 41 1 61 36 67 22 38 49 74 43 79 50 33 81 87 92 68 73 96 34 88 18 21 10 30 9" score=8536.203112655856>
Generation no:601
Best individual: <Individual chromosome="7 62 13 58 55 76 72 32 15 47 80 40 25 46 70 17 91 98 42 2 6 93 75 8 57 59 44 66 5 0 39 35 86 56 99 77 19 31 20 82 69 60 24 29 89 27 83 52 53 71 94 65 84 54 3 51 90 97 48 11 37 45 95 64 12 4 85 28 14 23 41 16 26 78 1 63 61 36 22 18 67 88 38 49 74 43 79 81 33 87 50 92 68 73 34 21 96 10 9 30" score=7478.9895527602885>
Generation no:801
Best individual: <Individual chromosome="7 62 13 58 55 76 72 32 15 47 80 40 46 70 17 91 98 25 42 2 6 93 12 8 57 59 44 66 5 0 39 35 86 56 99 77 19 31 20 50 69 60 24 29 89 27 83 52 71 53 94 65 84 54 3 51 90 97 48 11 95 37 45 64 75 4 85 28 14 23 41 16 26 78 1 63 61 36 18 22 67 88 38 49 74 43 79 81 33 87 82 92 68 73 21 34 10 96 30 9" score=7240.290926973302>
..................Result.........................
<Individual chromosome="8 62 13 58 55 76 72 32 15 47 80 42 46 70 17 91 40 98 25 2 6 93 12 7 57 59 44 66 5 0 39 35 86 56 77 99 50 19 31 20 69 60 24 89 29 27 83 52 71 53 94 65 84 54 3 51 90 97 48 11 95 37 45 64 75 4 85 28 49 23 41 16 26 78 1 63 61 36 18 22 67 88 38 14 74 43 79 81 33 87 82 92 68 73 21 34 10 96 9 30" score=6787.258766157873>
The plot was saved into the TSPresult_GA_mutate_whole.png file.

Run: 1
The plot was saved into the TSPstart_GA_mutate_whole.png file.
Generation no:1
Best individual: <Individual chromosome="63 12 0 40 25 32 53 45 31 77 44 90 24 86 10 36 98 51 19 84 62 8 81 68 71 72 95 88 49 6 94 11 52 2 30 73 56 54 93 37 13 29 70 87 69 59 3 91 42 64 21 74 9 26 14 76 38 66 27 7 33 34 75 83 17 4 97 43 5 55 85 46 60 89 79 23 18 82 80 58 50 99 92 48 41 16 96 20 28 47 61 67 65 78 22 35 57 15 39 1" score=23093.64547506288>
Generation no:201
Best individual: <Individual chromosome="87 29 4 80 81 0 39 68 35 56 86 14 12 28 49 83 91 93 42 62 72 6 71 65 15 11 97 63 1 34 88 32 75 94 76 55 58 17 70 46 27 89 25 98 57 7 24 59 66 44 21 22 18 78 3 26 48 90 64 54 61 19 47 13 74 96 36 16 51 52 37 95 45 53 82 10 30 9 20 84 67 50 38 23 41 73 99 5 31 79 2 43 33 8 92 60 40 85 77 69" score=13869.809468613366>
Generation no:401
Best individual: <Individual chromosome="68 0 39 35 56 86 50 42 76 55 58 91 29 17 27 89 25 98 46 70 24 59 57 7 20 66 44 79 14 22 36 41 16 49 83 74 97 26 61 34 88 18 78 32 94 84 40 33 2 15 53 95 72 6 37 45 12 11 71 64 28 85 13 80 93 62 75 1 54 65 3 48 51 90 63 47 52 4 43 82 60 87 81 69 8 38 96 67 23 31 19 9 10 21 73 30 77 99 92 5" score=9561.294790081585>
Generation no:601
Best individual: <Individual chromosome="68 0 35 39 56 86 42 76 55 58 91 29 17 27 89 25 98 46 70 24 59 57 7 20 66 44 79 14 74 28 85 83 80 94 32 49 97 26 61 34 88 18 22 36 16 41 63 1 90 78 3 51 65 11 53 95 72 37 6 45 15 71 13 47 84 54 48 52 62 64 75 4 12 93 2 40 33 87 82 69 60 81 8 43 38 23 67 19 96 10 21 73 9 30 31 50 99 77 92 5" score=7116.096052067094>
Generation no:801
Best individual: <Individual chromosome="68 0 35 39 86 56 42 76 55 37 91 29 17 27 89 40 98 46 70 24 59 57 7 20 66 44 79 14 74 28 85 83 80 94 32 49 97 26 61 34 88 18 22 36 16 41 63 1 90 78 3 51 65 11 53 95 72 58 6 45 15 71 47 84 54 48 52 13 62 64 75 4 12 93 2 25 33 87 69 60 82 81 8 43 38 23 67 96 10 21 73 19 9 30 31 50 99 77 92 5" score=6983.016940326713>
..................Result.........................
<Individual chromosome="68 0 35 39 86 56 42 76 55 37 91 29 17 27 89 40 98 46 70 24 59 7 57 20 66 44 79 14 74 28 85 83 80 94 32 65 97 26 61 67 88 18 22 36 16 41 63 1 90 78 3 51 49 11 53 95 72 58 6 45 15 71 47 84 54 48 52 13 62 64 75 4 12 93 2 25 33 87 69 60 82 81 8 43 38 23 34 96 10 21 73 9 19 30 31 50 99 77 92 5" score=6899.896931594853>
The plot was saved into the TSPresult_GA_mutate_whole.png file.

Run: 2
The plot was saved into the TSPstart_GA_mutate_whole.png file.
Generation no:1
Best individual: <Individual chromosome="20 31 99 91 62 66 47 28 9 57 13 74 38 37 55 72 7 35 44 29 56 73 3 18 11 15 95 65 90 71 98 40 79 77 96 41 93 78 49 87 51 22 83 53 12 17 48 52 54 59 76 46 42 64 58 89 5 39 86 92 81 34 21 4 45 19 10 97 43 24 26 6 2 84 8 1 75 67 16 94 63 23 68 36 25 27 69 50 60 33 85 70 30 14 61 80 0 32 88 82" score=22926.920809855408>
Generation no:201
Best individual: <Individual chromosome="26 37 32 55 72 12 79 99 68 50 20 75 4 94 15 95 6 93 45 76 27 29 89 73 34 9 96 31 30 90 18 0 2 52 39 86 5 69 92 57 60 81 25 70 24 17 64 13 91 46 40 98 87 35 44 33 82 66 77 56 8 53 42 7 59 3 51 14 43 1 36 61 10 38 41 63 22 23 88 16 78 28 83 49 54 74 58 97 85 65 84 67 71 47 48 11 80 62 19 21" score=14616.874815457115>
Generation no:401
Best individual: <Individual chromosome="72 95 12 79 68 50 20 4 2 37 55 94 32 15 6 93 45 76 75 49 18 34 73 31 99 30 9 39 69 81 24 29 89 33 27 17 91 98 25 70 46 40 87 82 60 44 56 86 0 5 92 35 66 77 28 42 85 57 7 59 8 14 43 96 1 63 36 61 41 22 88 67 21 10 19 23 38 74 80 83 62 52 13 64 58 53 47 71 11 65 90 51 54 3 97 78 26 16 84 48" score=8575.23851462468>
Generation no:601
Best individual: <Individual chromosome="72 95 12 79 68 50 20 4 2 37 55 94 32 15 6 93 45 76 75 49 18 34 73 31 99 30 9 39 69 33 70 46 25 24 29 89 27 17 91 40 98 81 87 82 60 44 56 86 35 0 5 92 66 77 28 85 42 7 57 59 8 43 14 96 1 63 36 61 41 22 67 88 21 10 19 23 38 74 83 80 62 64 52 13 58 53 71 11 47 65 51 3 97 90 78 26 16 54 84 48" score=7709.915892540473>
Generation no:801
Best individual: <Individual chromosome="72 95 12 20 50 79 4 2 37 55 94 32 15 76 93 45 6 75 49 18 34 73 31 99 30 9 39 68 60 81 46 25 70 24 29 89 17 27 91 40 98 33 87 82 69 44 56 86 35 0 5 92 66 77 28 85 42 7 57 59 8 43 14 23 1 63 36 61 41 22 67 88 21 10 96 19 38 74 83 80 62 64 52 13 58 53 71 47 11 48 51 3 97 90 78 26 16 54 84 65" score=7138.741991394172>
..................Result.........................
<Individual chromosome="72 95 12 20 50 79 4 2 37 55 94 32 15 76 93 45 6 75 49 18 34 73 31 99 30 9 68 60 81 46 25 70 24 29 89 17 27 91 40 98 33 87 82 69 44 56 86 39 35 0 5 92 66 77 28 85 42 7 57 59 8 43 14 23 1 63 36 61 41 22 67 88 21 10 96 19 38 74 83 80 62 64 52 13 11 53 71 47 65 48 51 3 97 90 78 26 16 54 84 58" score=7012.6975853786835>
The plot was saved into the TSPresult_GA_mutate_whole.png file.

Run: 3
The plot was saved into the TSPstart_GA_mutate_whole.png file.
Generation no:1
Best individual: <Individual chromosome="82 93 40 46 2 27 12 8 36 96 92 55 88 22 51 38 78 6 99 61 80 25 14 64 67 1 37 65 17 91 66 32 95 42 69 44 21 63 53 30 23 72 52 70 7 98 11 10 5 0 58 57 31 18 41 76 85 35 33 54 68 39 79 75 28 86 56 9 62 90 34 73 83 48 13 74 19 60 29 50 77 87 94 26 97 84 71 43 3 47 49 45 4 24 20 16 89 59 15 81" score=23450.37011558168>
Generation no:201
Best individual: <Individual chromosome="83 91 40 62 35 0 50 79 92 69 66 44 68 39 56 64 13 23 48 42 88 22 63 5 9 59 43 57 99 60 81 82 76 85 54 24 27 87 46 89 17 29 25 98 38 31 20 30 16 10 73 86 77 33 70 7 8 11 32 52 67 18 21 19 90 41 74 58 94 15 47 28 4 80 14 96 34 26 78 37 53 75 51 3 65 84 1 36 61 97 71 55 72 95 49 45 12 2 93 6" score=13614.915378058096>
Generation no:401
Best individual: <Individual chromosome="40 91 69 66 44 68 0 39 35 56 23 88 22 43 59 60 82 81 87 33 24 46 89 27 70 29 17 25 98 42 76 11 54 85 83 57 7 77 5 92 99 50 30 10 73 86 79 19 9 31 20 14 8 90 63 97 52 13 32 15 47 48 16 78 41 61 36 18 1 49 74 67 21 34 96 38 26 84 3 51 65 71 62 75 28 4 80 12 55 58 53 64 94 95 72 37 45 6 93 2" score=8177.049412791736>
Generation no:601
Best individual: <Individual chromosome="40 91 69 66 44 68 0 35 39 56 88 22 23 43 59 60 82 81 87 33 24 46 70 27 89 29 17 25 98 42 28 85 83 57 7 77 5 92 99 50 30 10 73 86 9 31 79 20 19 14 8 90 63 54 97 52 76 32 94 15 48 78 26 41 16 61 36 18 67 34 21 96 1 49 74 38 3 51 84 65 47 71 13 64 62 80 11 4 75 53 55 95 72 58 37 45 6 12 93 2" score=6693.589770955659>
Generation no:801
Best individual: <Individual chromosome="40 91 69 66 44 92 0 35 39 56 96 22 23 43 59 60 82 81 87 33 24 46 70 27 89 29 17 25 98 42 11 83 85 57 7 77 5 68 99 50 30 10 73 86 9 20 79 31 19 14 8 90 78 54 48 52 32 94 15 97 63 26 41 61 16 36 18 67 34 21 88 1 38 74 49 51 3 84 65 47 71 53 13 64 62 80 28 4 75 76 55 95 72 58 37 45 6 93 12 2" score=6444.325482857412>
..................Result.........................
<Individual chromosome="40 25 7 66 44 92 0 35 39 56 88 22 23 43 59 60 82 81 87 33 24 46 70 27 89 29 17 91 98 42 11 83 85 57 69 77 5 68 99 50 30 10 73 86 9 20 79 31 19 14 8 90 78 54 48 52 32 94 15 97 63 26 1 41 61 16 36 18 67 34 21 96 38 74 49 51 3 84 65 47 71 53 13 64 62 80 28 4 75 76 55 95 72 58 37 45 6 93 12 2" score=6300.313475604488>
The plot was saved into the TSPresult_GA_mutate_whole.png file.

Run: 4
The plot was saved into the TSPstart_GA_mutate_whole.png file.
Generation no:1
Best individual: <Individual chromosome="86 18 12 15 65 55 75 62 74 2 17 7 52 37 32 9 76 58 80 47 91 38 14 84 48 85 42 40 49 97 71 25 67 35 10 68 54 89 39 21 70 59 94 36 22 1 6 23 77 30 63 81 88 83 93 72 41 0 50 43 3 27 13 33 87 44 61 46 45 16 78 64 57 28 53 5 69 98 90 11 51 92 31 26 96 79 20 19 66 24 60 99 8 56 34 73 29 82 95 4" score=23404.0943422601>
Generation no:201
Best individual: <Individual chromosome="95 37 77 19 59 89 30 39 0 21 34 36 22 60 20 96 74 80 4 7 49 38 73 44 92 75 46 81 87 5 56 68 82 69 91 17 24 29 40 98 85 6 57 41 88 67 18 9 47 13 43 25 2 42 10 79 31 66 99 35 8 28 62 76 55 15 1 63 78 26 16 50 86 54 23 61 48 90 97 64 70 27 33 93 12 45 65 94 83 14 71 32 53 11 52 51 3 84 72 58" score=13994.91467652881>
Generation no:401
Best individual: <Individual chromosome="44 39 0 21 34 10 82 77 92 69 60 87 5 56 68 35 66 46 91 27 29 89 17 40 25 98 70 24 33 81 59 7 57 30 96 88 36 18 22 67 38 41 23 8 14 19 20 31 50 9 73 86 99 79 43 49 74 28 4 42 85 83 80 75 62 37 6 76 55 15 1 63 26 16 61 90 54 78 97 48 52 47 13 64 93 2 12 45 72 95 58 94 32 53 71 11 65 84 51 3" score=7538.06403434477>
Generation no:601
Best individual: <Individual chromosome="0 39 56 21 34 10 82 92 77 69 60 44 5 68 35 66 87 46 91 29 89 17 27 40 25 98 70 24 33 81 7 59 57 30 96 88 18 36 22 67 41 23 38 8 14 19 31 20 79 99 50 9 86 73 43 49 74 28 4 42 85 83 80 75 62 37 72 76 55 15 1 63 78 26 54 16 61 90 97 48 47 52 13 64 93 2 12 45 6 58 95 94 32 53 71 11 65 84 51 3" score=6593.63153669539>
Generation no:801
Best individual: <Individual chromosome="0 39 56 21 34 10 82 77 69 44 5 68 35 92 66 60 87 46 91 29 89 17 27 40 25 98 70 24 33 81 7 59 57 30 96 88 18 36 22 67 41 23 38 8 14 19 31 20 79 99 50 9 86 73 43 49 74 28 4 42 85 83 80 75 62 37 45 76 55 53 1 63 78 26 54 16 61 90 97 48 11 52 13 64 12 2 93 6 72 58 95 94 32 15 71 47 65 84 51 3" score=6392.978238175602>
..................Result.........................
<Individual chromosome="0 39 56 21 34 10 77 82 69 44 5 68 35 92 66 60 87 46 29 89 17 27 91 40 25 98 70 24 33 81 7 59 57 30 96 88 67 18 22 36 41 23 38 8 14 19 31 79 20 99 50 86 73 9 43 49 74 28 4 42 85 83 80 75 62 37 76 55 53 52 1 63 78 26 54 16 61 90 97 48 11 13 64 12 2 93 6 45 72 58 95 94 32 15 71 47 65 84 51 3" score=6192.0941876181405>
The plot was saved into the TSPresult_GA_mutate_whole.png file.

Run: 5
The plot was saved into the TSPstart_GA_mutate_whole.png file.
Generation no:1
Best individual: <Individual chromosome="76 53 52 82 87 74 67 43 13 70 72 64 73 95 19 94 9 69 79 57 93 50 80 17 18 91 5 21 59 15 71 84 1 51 81 27 83 25 61 38 65 75 20 33 40 92 97 96 35 0 23 45 2 63 4 14 3 16 78 48 34 36 28 12 47 62 39 56 49 30 7 60 89 6 68 77 44 41 32 11 66 54 55 99 10 29 42 86 22 88 31 24 46 8 98 37 26 90 85 58" score=23864.16734309469>
Generation no:201
Best individual: <Individual chromosome="70 27 24 33 87 46 59 28 7 40 89 44 56 86 73 0 68 43 78 3 45 53 98 76 37 19 91 29 17 77 79 20 31 14 80 25 6 13 39 38 63 58 2 82 60 69 92 5 35 81 57 50 9 34 74 93 83 8 64 55 32 11 22 96 21 30 99 10 66 51 1 85 72 4 52 49 16 97 26 94 42 88 67 36 41 61 54 90 84 65 48 23 47 15 95 12 75 62 18 71" score=14935.456423903082>
Generation no:401
Best individual: <Individual chromosome="40 89 29 17 33 87 70 44 56 86 73 0 68 59 80 6 76 37 25 91 24 27 46 98 7 31 79 20 82 81 60 69 92 77 66 5 35 39 50 30 99 96 10 14 8 19 34 36 16 61 26 63 22 18 67 23 38 74 28 49 83 57 9 43 1 41 90 78 54 88 21 84 65 48 97 3 51 52 13 64 11 32 53 71 95 58 72 55 45 15 94 47 2 12 42 85 4 93 75 62" score=8326.262555634212>
Generation no:601
Best individual: <Individual chromosome="40 89 29 17 33 87 70 24 44 56 73 86 0 68 59 80 6 76 37 25 91 27 98 46 81 7 79 20 82 60 69 77 66 92 5 35 39 30 9 50 99 31 8 14 19 96 10 34 18 36 16 61 26 63 22 67 23 38 43 74 28 57 83 49 1 41 88 21 90 78 54 84 65 48 97 3 51 47 52 11 64 13 53 32 71 15 94 55 72 95 58 45 93 12 42 4 85 62 75 2" score=6643.845813710188>
Generation no:801
Best individual: <Individual chromosome="40 89 29 17 33 87 70 24 44 56 73 86 0 68 28 80 6 76 37 25 91 27 98 46 81 7 59 79 20 82 60 69 77 66 92 5 35 39 30 9 50 99 31 8 14 19 96 10 34 18 36 16 61 26 63 88 67 23 38 43 74 57 83 49 1 41 22 21 90 97 78 54 84 65 48 3 51 47 52 11 64 13 71 53 32 15 94 55 95 72 58 45 93 12 42 4 85 62 75 2" score=6545.170244755364>
..................Result.........................
<Individual chromosome="40 89 29 17 33 87 70 24 44 56 73 86 0 68 28 80 37 6 25 98 91 27 46 81 7 59 79 20 82 60 69 77 66 92 5 35 39 30 9 50 99 31 14 19 96 10 18 36 16 61 26 63 22 67 34 21 38 43 8 74 57 83 49 1 41 88 23 90 97 78 54 84 65 48 3 51 47 52 11 64 13 71 53 15 32 94 76 55 95 72 58 45 93 12 42 4 85 62 75 2" score=6302.381395919467>
The plot was saved into the TSPresult_GA_mutate_whole.png file.

Run: 6
The plot was saved into the TSPstart_GA_mutate_whole.png file.
Generation no:1
Best individual: <Individual chromosome="75 19 60 95 5 14 61 26 38 21 3 97 68 87 7 44 99 63 35 91 28 27 0 41 36 30 84 90 76 32 51 58 93 6 22 86 92 79 74 59 33 29 82 16 72 1 81 46 15 83 42 55 57 78 37 70 80 49 48 77 71 45 43 66 11 4 17 24 94 13 52 62 40 65 25 39 2 85 18 53 23 8 98 67 9 89 96 73 10 34 31 50 69 12 20 56 64 47 54 88" score=23634.953243760432>
Generation no:201
Best individual: <Individual chromosome="15 76 37 45 29 89 81 82 27 99 70 46 28 1 53 32 72 57 7 69 35 73 44 92 50 0 56 77 66 39 31 19 86 68 5 60 33 91 17 25 98 8 74 96 30 95 55 71 52 24 87 40 4 20 9 88 54 48 3 78 26 61 62 13 75 64 93 2 42 47 94 6 12 58 85 43 83 14 59 49 38 63 36 22 34 21 10 67 18 97 65 11 90 51 80 79 41 16 23 84" score=12629.89489743476>
Generation no:401
Best individual: <Individual chromosome="15 29 89 27 82 24 70 46 28 45 37 72 32 59 57 7 81 87 69 77 79 31 99 44 92 35 0 39 73 56 50 20 19 8 96 30 9 86 68 5 66 60 33 25 98 91 17 40 74 4 52 47 94 55 76 58 95 53 71 84 48 3 78 26 61 1 90 51 65 54 97 11 13 75 62 64 6 12 93 2 42 80 85 83 49 38 43 14 23 63 41 22 67 88 10 21 34 18 36 16" score=7621.809400392247>
Generation no:601
Best individual: <Individual chromosome="29 89 27 24 70 46 28 45 32 72 37 59 57 7 81 87 82 69 77 79 31 99 92 35 0 39 73 86 56 50 20 8 19 96 30 9 68 5 66 44 60 33 25 98 91 17 40 4 80 52 47 15 94 55 76 58 95 53 71 48 3 78 26 61 1 90 97 51 54 84 65 11 13 64 62 75 6 93 12 2 42 74 85 83 49 43 14 38 23 63 41 22 67 88 10 21 34 18 36 16" score=6684.536539870433>
Generation no:801
Best individual: <Individual chromosome="27 89 29 24 70 46 28 45 55 72 37 7 59 57 82 81 87 69 20 79 31 99 92 35 39 73 86 56 50 8 19 96 30 9 0 68 5 44 66 77 60 33 17 98 25 91 40 4 80 52 47 15 94 32 76 58 95 53 71 48 3 78 26 61 1 90 97 51 54 84 65 11 13 64 62 75 6 93 12 2 42 74 85 83 49 43 14 38 23 63 41 22 67 88 10 21 34 18 36 16" score=6525.952012530861>
..................Result.........................
<Individual chromosome="27 89 29 17 70 46 45 72 37 28 7 59 57 82 81 87 69 20 79 31 99 92 35 39 73 86 56 50 8 19 96 30 9 0 68 5 44 66 77 60 33 24 98 25 91 40 4 80 52 47 15 32 94 55 76 58 95 53 71 48 51 3 78 26 61 1 90 97 54 84 65 11 13 64 62 75 6 93 12 2 42 85 83 74 49 43 14 38 23 63 41 22 67 88 10 21 34 18 36 16" score=6302.047664993903>
The plot was saved into the TSPresult_GA_mutate_whole.png file.

Run: 7
The plot was saved into the TSPstart_GA_mutate_whole.png file.
Generation no:1
Best individual: <Individual chromosome="15 26 85 46 70 5 16 56 88 11 61 8 67 18 41 9 78 65 91 82 3 66 31 19 2 51 52 90 14 79 59 74 89 57 40 39 96 17 84 37 27 93 33 4 81 77 72 76 43 97 32 24 47 95 62 98 28 7 42 54 53 29 83 94 73 50 92 49 23 38 35 22 99 55 6 45 58 64 30 60 0 44 69 13 80 36 34 68 20 21 12 75 1 86 25 87 10 48 71 63" score=22940.728734343636>
Generation no:201
Best individual: <Individual chromosome="84 78 18 41 54 48 47 90 1 26 51 16 22 23 36 64 97 3 21 52 58 12 28 49 43 67 88 56 35 0 77 44 87 91 24 72 13 32 11 53 37 55 95 19 31 10 34 79 99 17 29 46 81 85 83 80 15 94 75 74 62 76 45 4 71 8 63 38 61 96 30 86 14 33 82 7 6 93 57 60 69 59 89 25 40 42 20 70 98 73 68 92 66 9 50 5 27 39 2 65" score=13952.377090318128>
Generation no:401
Best individual: <Individual chromosome="84 51 16 26 41 90 63 36 22 97 48 3 1 32 53 58 12 93 6 76 72 49 62 98 80 64 13 45 37 55 95 47 65 94 15 11 71 52 75 4 83 23 78 54 61 88 43 14 96 18 67 73 10 34 21 8 20 74 85 2 28 42 30 86 39 79 9 19 38 56 68 35 0 5 31 77 60 69 59 57 7 27 29 17 91 24 89 25 81 99 50 66 92 33 40 87 70 46 44 82" score=9899.981462824262>
Generation no:601
Best individual: <Individual chromosome="51 84 26 90 1 63 41 22 36 16 3 97 48 53 76 72 45 12 62 80 49 64 13 98 93 6 37 58 55 95 94 32 15 71 47 65 52 11 75 2 4 83 23 78 54 61 88 18 67 10 34 21 96 38 43 14 8 74 85 28 42 20 30 56 86 73 39 35 0 68 5 92 9 19 31 79 69 60 77 44 66 50 99 59 82 57 7 46 27 17 29 89 91 40 25 70 24 33 87 81" score=6611.513294783172>
Generation no:801
Best individual: <Individual chromosome="51 84 26 90 1 63 41 22 36 16 3 97 48 53 72 45 62 80 49 64 12 98 93 6 37 58 95 76 55 94 32 15 71 47 65 52 11 13 75 2 4 83 23 78 54 61 88 18 67 10 34 21 96 38 43 14 8 74 85 28 42 20 30 56 73 86 39 35 0 68 5 92 9 19 31 79 69 60 77 44 66 50 99 82 59 57 7 46 27 17 29 89 91 40 25 70 24 33 87 81" score=6420.266475106962>
..................Result.........................
<Individual chromosome="51 97 26 90 1 63 41 22 36 16 3 84 48 53 72 45 62 80 64 12 98 93 6 37 58 95 76 55 94 32 15 71 47 65 52 11 13 75 2 4 83 49 23 78 54 61 88 18 67 10 34 21 96 38 43 14 8 74 85 28 42 20 30 9 56 73 86 39 35 0 68 5 92 50 19 31 79 60 69 77 44 66 99 82 59 57 7 46 27 17 29 89 91 40 25 70 24 33 87 81" score=6137.786849342527>
The plot was saved into the TSPresult_GA_mutate_whole.png file.

Run: 8
The plot was saved into the TSPstart_GA_mutate_whole.png file.
Generation no:1
Best individual: <Individual chromosome="65 37 15 61 56 5 75 32 51 77 41 39 73 9 63 58 92 49 69 12 55 3 21 67 98 25 11 53 44 22 45 71 91 35 99 59 80 47 8 83 48 54 95 50 74 86 52 36 78 14 7 57 4 29 68 94 18 96 93 6 23 88 84 33 30 20 70 89 24 76 72 79 28 1 87 81 40 38 34 27 66 46 19 0 10 16 97 26 90 60 42 43 82 13 17 2 85 64 31 62" score=23697.520164522943>
Generation no:201
Best individual: <Individual chromosome="25 28 59 60 19 69 99 73 5 44 0 82 97 78 84 48 51 3 1 14 90 79 31 56 92 50 10 43 8 16 80 26 36 49 85 65 22 61 18 34 88 96 21 54 23 38 62 32 64 4 75 74 68 86 66 20 30 35 39 9 98 89 81 71 53 6 83 45 15 95 72 55 76 58 11 52 47 41 67 63 77 2 42 40 37 93 12 13 94 7 17 91 87 70 33 24 29 46 57 27" score=13123.233968123648>
Generation no:401
Best individual: <Individual chromosome="28 59 19 99 5 92 50 79 31 60 14 90 97 65 3 26 1 61 18 34 88 96 21 22 78 84 48 51 54 16 36 67 63 41 23 43 74 10 0 68 86 73 56 35 39 66 30 9 8 20 82 77 44 69 38 49 83 85 80 75 71 53 15 32 94 95 72 55 76 58 37 45 6 62 64 11 47 52 13 93 12 4 42 2 25 98 7 57 81 46 40 91 17 29 89 27 70 24 33 87" score=7125.872956406454>
Generation no:601
Best individual: <Individual chromosome="59 79 99 92 5 50 31 14 90 97 65 3 26 1 61 18 67 88 96 21 34 22 63 78 48 51 84 54 16 36 41 23 43 74 28 10 73 56 0 68 35 86 39 44 66 9 30 19 8 20 82 60 69 77 38 49 83 85 80 75 53 71 15 32 94 55 72 76 95 58 37 45 6 62 64 11 52 47 13 93 12 4 42 2 25 7 57 81 46 98 40 91 89 29 17 27 70 24 33 87" score=6278.866850388024>
Generation no:801
Best individual: <Individual chromosome="59 79 99 92 5 50 31 14 90 97 65 48 3 26 61 67 88 96 21 34 18 22 63 1 78 51 84 54 16 36 41 23 28 74 43 10 73 56 0 68 35 86 39 44 66 9 30 19 8 20 82 60 69 77 38 49 83 85 80 75 53 71 15 32 94 55 76 95 72 58 37 45 6 62 64 11 52 47 13 93 12 4 42 2 25 7 57 81 46 98 40 91 89 29 17 27 70 24 33 87" score=6116.0155779014485>
..................Result.........................
<Individual chromosome="59 79 99 92 5 50 31 14 90 97 65 48 3 26 61 67 88 96 21 34 18 22 63 1 78 51 84 54 16 36 41 23 74 43 10 73 56 0 68 35 86 39 44 66 9 30 19 8 20 82 60 69 77 38 49 83 28 85 80 75 53 71 15 32 94 55 76 95 72 58 37 45 6 62 64 11 52 47 13 93 12 4 42 2 25 7 57 81 46 98 40 91 89 29 17 27 70 24 33 87" score=6037.76996913359>
The plot was saved into the TSPresult_GA_mutate_whole.png file.

Run: 9
The plot was saved into the TSPstart_GA_mutate_whole.png file.
Generation no:1
Best individual: <Individual chromosome="0 99 43 67 38 14 30 37 20 78 96 18 88 23 55 69 84 62 75 7 98 89 76 48 93 47 41 68 35 24 71 34 56 58 82 74 26 19 77 72 15 2 87 9 52 80 59 49 53 57 73 27 61 44 4 17 95 40 91 8 50 13 11 79 16 94 31 10 6 45 12 64 90 28 42 46 54 1 70 83 33 36 22 86 39 66 85 51 65 3 63 32 97 81 25 29 21 5 92 60" score=23141.269109664176>
Generation no:201
Best individual: <Individual chromosome="13 3 97 63 21 44 9 19 84 32 67 34 36 18 65 98 29 91 6 93 37 94 72 35 31 60 77 39 86 20 0 66 5 68 73 10 56 92 70 24 33 11 52 41 90 79 69 82 26 16 54 48 96 61 88 85 27 59 87 25 99 80 43 17 89 50 30 81 7 40 46 14 38 8 57 1 22 78 47 51 2 12 15 4 49 23 42 28 75 83 64 71 74 76 58 55 95 45 53 62" score=14964.773000357236>
Generation no:401
Best individual: <Individual chromosome="97 63 9 19 98 27 29 91 6 37 44 35 56 92 66 5 68 50 31 79 70 46 24 33 87 81 77 69 82 60 0 21 67 38 13 94 3 48 54 78 65 47 11 52 90 51 16 10 30 20 73 86 39 34 36 18 96 1 41 61 22 88 7 89 17 40 25 57 14 99 59 42 43 8 83 84 32 2 12 75 80 23 26 49 85 28 4 74 93 62 64 53 71 15 58 45 76 55 72 95" score=10466.969745495559>
Generation no:601
Best individual: <Individual chromosome="63 9 19 98 27 29 91 6 37 44 35 0 56 92 66 5 68 50 31 79 46 70 24 33 87 81 60 77 69 82 38 13 94 65 3 48 54 78 90 97 47 11 52 51 16 67 10 30 20 99 73 86 39 21 34 96 18 36 1 41 61 22 88 7 89 17 40 25 42 57 59 14 8 43 83 49 23 26 84 2 12 93 75 80 85 74 28 4 62 64 71 53 32 15 45 58 72 95 76 55" score=8814.100199729932>
Generation no:801
Best individual: <Individual chromosome="63 9 19 98 27 29 91 6 37 44 35 0 56 92 66 5 68 50 31 79 46 70 24 33 87 81 60 77 69 82 38 13 94 65 3 78 90 97 47 11 52 48 51 54 16 67 96 30 20 99 73 86 39 10 21 34 18 36 1 41 61 22 88 42 89 17 40 25 7 57 59 14 8 43 74 49 23 26 84 83 2 93 12 75 80 85 28 4 62 64 53 71 15 32 45 58 72 95 76 55" score=8392.307301289487>
..................Result.........................
<Individual chromosome="9 19 98 89 29 91 6 37 35 56 0 92 44 66 5 68 50 31 79 46 70 24 33 87 81 60 77 69 82 74 13 94 65 3 78 90 97 47 52 11 48 51 84 54 16 36 96 30 20 99 73 86 39 10 21 34 18 22 63 41 61 67 88 38 42 27 17 40 25 7 57 59 14 8 43 49 23 1 26 83 2 93 12 75 80 85 28 4 62 64 53 71 15 32 45 58 72 95 76 55" score=7931.158706754152>
The plot was saved into the TSPresult_GA_mutate_whole.png file.

..................End.........................

..................Start.........................
birthrate = 0.4 operator = crossover
Run: 0
The plot was saved into the TSPstart_GA_mutate_whole.png file.
Generation no:1
Best individual: <Individual chromosome="94 43 3 29 30 56 35 86 42 14 89 40 44 73 36 88 82 65 7 25 38 97 22 99 33 39 10 0 66 16 2 75 60 24 79 4 41 53 48 51 12 15 19 31 5 54 64 58 84 21 50 72 87 34 18 67 83 78 80 90 9 74 92 69 37 55 26 70 1 81 62 71 13 23 20 76 49 28 61 6 8 11 17 91 68 46 57 96 77 59 52 47 32 95 85 27 93 63 98 45" score=23468.002611038435>
Generation no:201
Best individual: <Individual chromosome="86 7 75 11 32 85 49 1 83 64 98 33 70 24 4 28 44 79 59 17 89 29 46 82 92 21 99 34 60 87 69 77 40 91 93 76 31 68 0 96 2 55 94 3 51 15 61 18 88 73 35 14 10 16 42 12 53 13 71 58 65 54 23 5 20 50 39 81 97 22 90 19 63 67 38 26 84 41 9 56 57 43 8 95 25 27 6 72 78 30 37 45 80 47 48 36 66 62 74 52" score=16901.37390191028>
Generation no:401
Best individual: <Individual chromosome="77 46 17 24 7 81 82 60 87 69 21 35 5 92 25 80 67 47 98 70 33 42 8 97 13 15 58 94 95 6 45 4 72 37 71 65 75 55 52 76 53 32 51 78 84 19 10 30 73 93 12 74 14 64 40 43 1 3 61 11 2 89 27 83 85 62 38 54 41 90 22 48 16 96 56 18 63 26 88 34 99 68 91 29 28 66 50 20 9 59 57 49 79 23 36 31 0 86 39 44" score=14439.813144027037>
Generation no:601
Best individual: <Individual chromosome="5 33 89 91 27 17 24 70 75 64 80 94 95 72 58 6 45 37 71 32 65 55 76 13 47 52 15 53 51 3 93 12 2 98 29 40 25 74 85 42 83 62 4 11 97 48 28 14 90 78 84 1 54 49 26 61 18 21 22 36 41 16 8 38 88 34 63 23 43 67 50 19 96 10 73 35 0 30 59 57 7 31 79 77 60 69 87 81 46 82 20 9 99 86 56 44 68 39 66 92" score=9357.643210064236>
Generation no:801
Best individual: <Individual chromosome="5 33 89 17 27 24 70 6 58 37 45 13 71 32 94 95 72 55 76 53 15 47 52 11 64 75 62 80 4 93 12 2 98 46 29 91 40 25 42 85 28 74 83 1 51 3 97 48 65 84 54 16 36 18 22 61 41 63 90 78 26 23 49 43 8 14 38 88 67 34 21 10 96 9 30 19 31 79 50 56 73 86 39 35 0 69 60 59 57 7 81 87 82 20 99 77 44 66 92 68" score=5601.050912946578>
..................Result.........................
<Individual chromosome="5 33 89 17 27 24 70 6 58 37 45 13 71 32 94 95 72 55 76 53 15 47 52 11 64 62 75 80 4 93 12 2 98 46 29 91 40 25 42 85 28 74 83 1 51 3 97 48 65 84 54 16 36 18 22 61 41 63 90 78 26 23 49 43 8 14 38 88 67 34 21 10 96 9 30 19 31 79 50 56 73 86 39 35 0 69 60 59 57 7 81 87 82 20 99 77 44 66 92 68" score=5591.232031240252>
The plot was saved into the TSPresult_GA_mutate_whole.png file.

Run: 1
The plot was saved into the TSPstart_GA_mutate_whole.png file.
Generation no:1
Best individual: <Individual chromosome="46 74 63 67 11 57 65 60 18 21 96 58 2 29 71 40 76 69 4 73 44 19 94 1 79 54 61 39 77 10 12 25 56 50 91 47 17 32 3 38 9 23 88 82 0 89 92 30 66 14 53 99 7 43 51 48 52 26 16 41 80 28 15 8 81 20 22 98 5 24 90 64 49 70 84 37 55 6 33 78 72 87 85 95 34 31 27 59 83 45 75 42 97 36 86 35 68 13 62 93" score=23980.741669297495>
Generation no:201
Best individual: <Individual chromosome="80 39 5 0 77 17 29 98 10 9 56 68 92 66 30 73 44 59 79 33 24 91 43 78 22 61 26 3 65 85 47 2 50 15 1 23 54 41 84 51 48 16 32 53 76 97 83 58 94 86 35 99 87 25 21 69 60 6 37 93 71 46 27 82 12 64 45 55 36 18 67 28 81 70 89 40 72 75 20 13 52 4 11 62 63 42 7 95 57 8 96 88 34 31 19 14 74 49 38 90" score=15746.641045875182>
Generation no:401
Best individual: <Individual chromosome="0 69 35 68 44 92 50 56 73 19 30 86 10 22 67 79 34 39 9 14 8 38 61 78 84 99 96 21 3 15 1 20 66 43 77 5 87 82 81 57 60 31 18 88 36 16 48 41 23 51 54 26 90 63 49 59 74 28 97 11 13 52 65 62 64 47 25 42 37 32 95 58 94 72 6 2 55 71 85 76 4 83 75 98 53 12 80 7 33 46 93 45 40 91 17 27 24 89 29 70" score=12412.033094694178>
Generation no:601
Best individual: <Individual chromosome="35 68 44 66 92 50 73 86 56 39 9 30 10 22 67 14 38 43 8 18 88 21 34 19 31 79 96 23 63 41 61 16 78 26 3 51 49 97 36 1 54 48 65 84 90 74 59 99 0 5 20 77 82 60 69 87 33 81 11 52 47 15 94 95 58 37 72 76 55 32 71 53 13 64 45 6 93 12 62 75 80 83 85 28 57 7 42 4 2 25 98 40 91 46 27 17 29 89 24 70" score=6796.288788865334>
Generation no:801
Best individual: <Individual chromosome="35 68 44 66 92 50 73 86 56 39 9 30 10 22 67 14 38 43 8 18 88 21 34 19 31 79 96 23 63 36 61 16 78 26 3 51 49 97 54 41 1 48 65 84 90 74 59 99 0 5 20 77 82 69 60 87 33 81 11 52 47 15 94 95 58 37 72 76 55 32 71 53 13 64 62 45 6 93 12 75 80 83 85 4 28 57 7 42 2 25 98 40 91 46 27 17 29 89 24 70" score=6706.77616500535>
..................Result.........................
<Individual chromosome="44 68 35 66 92 50 73 86 56 39 9 30 10 22 67 14 38 43 8 18 88 21 34 31 79 19 96 23 63 41 61 1 78 3 51 49 97 54 16 36 26 48 65 84 90 74 59 99 0 5 20 77 82 69 60 87 33 81 11 52 47 15 94 95 58 37 72 76 55 32 71 53 13 64 62 45 6 93 12 75 80 83 85 4 28 57 7 42 2 25 98 40 91 46 27 17 29 89 24 70" score=6656.276774479774>
The plot was saved into the TSPresult_GA_mutate_whole.png file.

Run: 2
The plot was saved into the TSPstart_GA_mutate_whole.png file.
Generation no:1
Best individual: <Individual chromosome="81 52 90 92 77 57 25 24 37 49 78 54 87 86 4 33 0 82 11 99 67 65 93 40 58 75 62 29 74 14 12 85 2 32 48 16 55 91 3 94 71 13 28 73 79 7 36 17 80 50 9 35 60 47 95 42 96 70 98 8 30 23 46 53 84 21 15 89 45 76 61 20 38 41 1 83 10 43 39 56 18 51 72 59 31 34 6 64 97 22 88 63 69 27 26 66 5 19 68 44" score=22511.06518577285>
Generation no:201
Best individual: <Individual chromosome="48 86 5 63 19 99 44 87 78 26 49 14 30 62 13 94 75 95 1 16 73 88 34 31 43 65 47 6 72 22 56 83 4 7 91 45 58 11 64 52 97 90 3 61 10 80 60 66 68 35 2 57 17 29 98 70 12 38 59 20 39 50 0 36 21 41 18 67 23 8 51 85 42 40 25 33 81 24 89 27 46 54 84 32 71 74 96 28 53 55 15 37 93 9 76 69 77 79 82 92" score=16310.50087221617>
Generation no:401
Best individual: <Individual chromosome="68 0 39 60 35 66 44 49 94 15 74 19 41 61 63 71 65 47 32 14 21 96 38 3 26 97 84 10 50 99 80 81 59 45 55 76 53 58 52 4 67 18 86 56 1 88 48 51 22 28 85 62 37 93 36 9 30 31 34 83 64 11 72 95 43 23 16 54 78 90 75 13 6 46 57 20 73 12 2 42 77 8 79 29 40 25 98 91 27 87 89 33 24 70 17 82 69 7 5 92" score=13656.240441470612>
Generation no:601
Best individual: <Individual chromosome="65 84 26 51 15 71 94 72 95 55 47 32 11 52 3 43 88 18 22 16 61 63 90 1 41 38 14 23 67 34 83 80 28 62 93 6 2 12 75 64 13 45 37 58 76 53 97 54 78 48 96 19 99 31 20 79 77 44 66 68 35 73 30 10 21 36 49 74 8 85 4 57 60 59 50 9 56 86 39 0 5 92 69 82 87 81 7 42 25 98 91 40 70 33 46 24 27 29 89 17" score=8006.714252218958>
Generation no:801
Best individual: <Individual chromosome="65 84 26 97 94 15 47 71 72 95 55 32 11 52 3 88 18 22 16 61 63 90 1 41 38 43 14 23 67 34 83 80 28 62 93 6 2 12 75 64 13 45 37 58 76 53 48 51 54 78 96 19 31 20 79 99 77 66 44 68 35 30 10 21 36 49 8 74 85 4 57 59 50 9 56 73 86 39 0 5 92 69 60 82 87 81 7 46 25 98 40 91 27 70 33 24 89 29 17 42" score=7177.684339089825>
..................Result.........................
<Individual chromosome="65 84 26 97 94 15 71 72 95 55 32 52 11 3 16 18 22 61 63 41 1 90 38 43 14 34 88 67 23 83 80 28 62 93 6 2 12 75 64 13 45 37 58 76 53 47 48 51 54 78 96 19 31 20 79 99 77 66 44 68 35 30 10 21 36 49 8 74 85 4 57 59 50 9 56 73 86 39 0 5 92 69 60 82 87 81 7 46 25 98 40 91 27 70 33 24 89 29 17 42" score=6896.074382900026>
The plot was saved into the TSPresult_GA_mutate_whole.png file.

Run: 3
The plot was saved into the TSPstart_GA_mutate_whole.png file.
Generation no:1
Best individual: <Individual chromosome="97 19 60 46 58 17 94 72 59 22 73 4 56 7 50 32 16 70 78 83 13 11 14 79 35 89 74 10 66 8 76 12 40 93 95 47 67 0 5 20 27 9 28 69 57 51 86 77 42 30 92 2 24 48 99 64 41 84 61 43 38 55 3 39 29 33 65 49 34 54 36 26 1 37 80 23 21 96 91 62 6 85 52 81 25 98 75 15 45 71 63 88 18 44 68 53 87 82 90 31" score=23409.081456949407>
Generation no:201
Best individual: <Individual chromosome="74 80 88 54 15 32 78 90 55 45 76 58 37 77 96 10 50 7 41 65 63 95 47 84 53 71 94 97 9 30 89 33 46 24 91 17 25 52 49 75 11 6 44 92 70 27 98 2 28 35 86 20 0 26 23 16 42 12 38 60 82 57 87 59 68 39 73 99 14 81 40 93 79 62 64 72 13 85 4 29 66 21 34 18 1 51 8 48 3 19 56 36 22 61 67 5 83 69 31 43" score=15930.920904378185>
Generation no:401
Best individual: <Individual chromosome="92 35 5 44 60 99 77 82 20 9 30 39 86 56 50 68 81 33 46 24 40 89 29 69 27 91 17 98 87 66 0 73 79 70 25 96 19 57 7 38 4 59 61 37 55 76 72 95 58 32 53 65 84 16 11 71 2 6 88 22 63 15 47 62 85 8 31 74 21 48 26 90 28 13 52 64 80 94 75 83 36 34 10 18 54 3 51 1 23 41 78 49 67 43 93 45 12 42 97 14" score=12357.301840001013>
Generation no:601
Best individual: <Individual chromosome="81 46 29 27 82 77 0 5 60 69 9 30 39 86 56 73 68 87 33 24 89 91 17 40 25 70 98 57 7 50 35 92 66 44 99 19 20 79 59 37 55 76 72 95 58 64 2 6 45 12 93 71 47 15 32 53 94 62 11 13 65 48 52 74 85 80 4 42 75 83 28 49 43 38 8 14 31 96 10 21 34 18 22 16 36 63 23 1 97 3 26 61 67 88 41 90 51 84 54 78" score=7717.547381832141>
Generation no:801
Best individual: <Individual chromosome="81 46 29 27 82 9 30 56 86 73 0 5 39 35 68 77 69 60 87 33 24 89 91 17 40 25 98 70 7 57 50 92 66 44 99 19 20 79 59 37 55 76 72 95 58 93 12 2 6 45 62 64 13 11 71 15 94 32 53 47 65 48 52 80 75 83 85 4 42 28 74 49 43 38 8 14 31 96 10 21 34 18 36 22 67 88 23 63 41 61 16 54 84 51 3 97 90 78 26 1" score=6118.161221277631>
..................Result.........................
<Individual chromosome="81 46 29 27 82 9 30 56 86 73 0 39 35 5 68 77 69 60 87 33 24 89 91 17 40 25 98 70 7 57 50 92 66 44 99 19 20 79 59 37 55 76 72 95 58 93 12 2 6 45 62 64 13 11 71 15 94 32 53 47 65 48 52 80 75 83 85 4 42 28 74 49 38 43 8 14 31 96 10 21 34 18 36 22 67 88 23 63 41 61 16 54 84 51 3 97 90 78 26 1" score=6041.072581124042>
The plot was saved into the TSPresult_GA_mutate_whole.png file.

Run: 4
The plot was saved into the TSPstart_GA_mutate_whole.png file.
Generation no:1
Best individual: <Individual chromosome="82 49 80 97 72 86 45 93 28 85 5 67 43 77 20 35 32 19 57 34 99 8 74 64 83 26 7 70 37 2 87 81 42 13 52 66 63 40 79 21 9 0 78 84 47 71 41 75 58 55 48 33 36 12 62 14 76 91 4 94 95 24 25 22 16 18 73 11 59 39 96 44 46 29 53 30 17 69 27 60 65 88 68 54 3 6 38 56 1 23 61 92 98 89 51 90 31 50 15 10" score=23845.927971203815>
Generation no:201
Best individual: <Individual chromosome="87 60 21 36 10 20 79 63 30 83 69 35 0 34 57 68 39 77 31 9 75 2 42 46 33 70 25 27 24 40 91 4 74 43 78 18 97 94 65 7 85 5 88 67 22 38 16 61 96 44 92 89 81 54 51 3 84 64 72 76 53 13 59 66 82 99 47 15 48 23 98 29 17 28 14 19 41 26 1 8 50 73 86 56 90 11 55 37 52 32 80 95 62 93 12 58 6 45 49 71" score=14583.588988446525>
Generation no:401
Best individual: <Individual chromosome="40 25 98 91 89 17 29 27 81 70 33 46 24 87 59 7 39 50 79 99 82 77 69 60 20 9 30 86 56 73 35 0 5 66 68 92 44 96 22 18 43 74 31 8 19 57 38 14 34 67 88 10 21 61 54 90 84 65 48 16 36 1 78 26 41 23 63 97 3 51 49 28 85 42 2 4 80 83 62 75 64 11 13 12 93 52 47 45 15 53 71 37 94 32 6 58 55 72 95 76" score=7704.4932726356965>
Generation no:601
Best individual: <Individual chromosome="25 98 40 91 17 89 29 27 81 33 46 70 24 87 82 69 60 59 20 50 9 30 56 86 73 39 35 0 5 68 92 44 66 77 99 79 96 22 18 38 74 43 14 8 57 7 31 19 67 88 10 34 21 61 26 78 54 16 36 23 1 63 41 90 97 3 51 84 65 48 49 28 85 4 2 42 83 80 62 75 12 93 64 13 11 52 47 71 53 15 32 94 55 76 95 72 58 37 45 6" score=5467.810722718033>
Generation no:801
Best individual: <Individual chromosome="25 98 40 91 17 89 29 27 81 33 46 70 24 87 60 69 82 59 20 50 9 30 56 86 73 39 35 0 5 68 92 44 66 77 99 79 96 22 18 43 74 38 14 8 57 7 31 19 67 88 10 34 21 61 26 78 54 16 36 23 1 63 41 90 97 3 51 84 65 48 49 28 85 4 2 42 83 80 62 75 12 93 64 13 11 52 47 71 53 15 32 94 55 76 95 72 58 37 45 6" score=5462.123518171765>
..................Result.........................
<Individual chromosome="25 98 40 91 17 89 29 27 81 46 70 24 33 87 60 69 82 59 20 50 9 30 56 86 73 39 35 0 5 68 92 44 66 77 99 79 96 22 18 43 74 38 14 8 7 57 31 19 67 88 10 34 21 61 26 78 54 16 36 23 63 41 1 90 97 3 51 84 65 48 49 85 4 2 42 28 83 80 62 75 12 93 64 13 11 52 47 71 53 15 32 94 55 76 95 72 58 37 45 6" score=5320.146710705317>
The plot was saved into the TSPresult_GA_mutate_whole.png file.

Run: 5
The plot was saved into the TSPstart_GA_mutate_whole.png file.
Generation no:1
Best individual: <Individual chromosome="81 15 51 76 93 82 43 19 63 31 60 87 83 17 88 41 80 91 12 42 27 30 53 98 74 14 20 45 37 69 79 16 50 75 39 34 96 0 77 10 4 78 94 72 55 22 52 40 67 7 66 44 38 32 11 21 70 29 49 24 73 68 92 85 26 64 33 35 18 61 1 54 48 90 28 47 58 3 36 99 97 89 25 84 57 65 62 9 46 95 13 59 71 6 86 56 5 23 8 2" score=23390.398204302637>
Generation no:201
Best individual: <Individual chromosome="99 69 79 33 87 61 97 19 20 21 73 31 56 5 7 27 44 9 57 70 2 60 77 68 35 66 63 22 36 3 26 41 42 80 32 47 52 23 92 93 1 16 48 65 67 90 53 72 71 84 94 78 11 49 55 76 37 45 58 95 10 75 12 17 25 46 40 24 29 89 91 98 28 85 8 34 62 14 15 30 39 86 51 54 13 18 88 96 82 4 83 64 6 38 43 59 74 50 0 81" score=15911.713967675776>
Generation no:401
Best individual: <Individual chromosome="51 54 75 72 84 94 37 45 47 71 62 13 52 90 23 49 93 6 55 76 58 95 65 15 2 12 25 40 91 98 28 4 85 80 11 53 1 59 81 33 29 89 17 70 27 87 73 21 30 50 16 97 32 42 64 24 83 46 77 7 26 78 18 41 36 48 22 67 88 3 63 61 38 43 57 34 10 8 74 96 79 31 20 99 69 82 14 9 68 5 92 66 60 19 86 56 35 0 39 44" score=12142.37206965974>
Generation no:601
Best individual: <Individual chromosome="84 51 65 94 37 45 47 52 11 71 72 32 90 23 49 93 12 75 4 6 55 76 58 95 15 53 62 64 13 2 40 25 46 70 27 24 87 59 81 33 29 89 17 91 98 42 28 85 80 83 48 3 54 26 78 41 22 67 88 18 36 16 97 1 63 61 34 21 30 43 74 7 57 8 38 14 19 96 10 73 86 56 50 9 31 79 20 99 82 60 69 77 44 66 92 5 68 0 35 39" score=6936.345493694491>
Generation no:801
Best individual: <Individual chromosome="84 51 65 94 37 45 47 52 11 72 95 32 71 90 23 49 93 12 75 4 6 58 55 76 15 53 62 64 13 2 40 25 27 24 70 46 59 81 87 33 29 89 17 91 98 42 28 85 80 83 48 3 54 26 78 63 88 67 22 18 36 16 97 1 41 61 34 21 30 38 43 74 7 57 8 14 19 96 10 73 86 56 9 50 31 79 20 99 82 60 69 77 44 66 92 5 68 0 35 39" score=6714.030340169854>
..................Result.........................
<Individual chromosome="84 51 65 94 37 45 47 52 11 72 95 32 71 90 23 49 93 12 75 4 6 58 55 76 15 53 62 64 13 2 40 25 27 24 70 46 81 87 33 29 89 17 91 98 42 28 85 80 83 48 3 54 26 78 63 88 67 22 18 36 16 97 1 41 61 34 21 10 38 43 74 59 7 57 8 14 19 96 30 73 86 56 9 50 99 31 79 20 82 60 69 77 44 66 92 5 68 0 35 39" score=6545.911158341666>
The plot was saved into the TSPresult_GA_mutate_whole.png file.

Run: 6
The plot was saved into the TSPstart_GA_mutate_whole.png file.
Generation no:1
Best individual: <Individual chromosome="57 13 78 77 98 21 19 22 61 86 35 5 81 9 39 2 45 49 34 95 36 47 84 96 75 12 40 68 66 23 31 18 60 79 27 37 76 1 73 38 92 54 71 14 43 25 72 24 88 0 97 94 52 63 48 93 90 26 8 59 46 20 85 44 80 62 16 83 42 17 33 7 74 53 87 4 69 91 29 70 51 30 82 10 41 6 65 67 89 64 11 3 56 55 32 15 28 99 50 58" score=23457.793799083323>
Generation no:201
Best individual: <Individual chromosome="97 21 58 23 43 66 79 48 47 37 1 20 38 14 85 59 50 0 17 29 89 91 27 68 73 35 10 8 19 31 99 30 9 86 56 81 69 25 46 70 57 87 60 7 74 80 4 96 77 33 40 98 24 82 34 39 92 44 5 49 84 26 62 42 93 83 41 36 90 67 28 16 22 63 18 54 61 88 52 11 13 6 2 12 75 55 76 94 51 65 15 53 64 78 45 95 3 71 72 32" score=14481.868784872091>
Generation no:401
Best individual: <Individual chromosome="40 98 25 24 17 29 89 91 27 82 69 66 68 35 86 56 73 39 92 0 31 9 30 10 5 77 44 33 60 81 87 50 99 20 79 59 74 43 19 14 8 96 38 67 63 97 16 61 18 36 34 21 22 88 41 1 23 90 85 28 80 42 4 46 70 7 57 49 78 26 54 84 51 3 65 48 13 11 64 62 75 83 52 47 15 32 94 71 53 2 12 93 6 37 72 58 76 55 95 45" score=7093.045020161674>
Generation no:601
Best individual: <Individual chromosome="40 98 25 24 17 29 89 91 27 82 68 35 39 86 56 73 9 30 10 31 0 5 92 66 77 44 69 60 33 81 87 20 79 50 99 59 74 43 14 8 19 96 67 22 18 34 21 88 63 97 16 61 36 41 23 38 85 28 80 4 42 46 70 7 57 83 49 90 1 78 26 54 84 3 51 48 65 47 52 11 62 75 64 13 71 15 94 32 53 12 2 93 6 37 58 72 55 76 95 45" score=6026.830426521453>
Generation no:801
Best individual: <Individual chromosome="40 98 25 91 17 29 89 24 27 82 68 35 39 56 86 73 9 30 10 31 0 5 92 66 77 44 69 60 33 81 87 20 79 50 99 59 74 43 14 8 19 96 67 22 18 34 21 88 63 97 16 61 36 41 23 38 85 28 80 4 42 46 70 7 57 83 49 90 1 78 26 54 84 3 51 48 65 47 52 11 62 75 64 13 71 15 94 32 53 12 2 93 6 37 58 72 55 76 95 45" score=5952.330315147991>
..................Result.........................
<Individual chromosome="40 98 25 91 17 29 89 24 27 82 68 35 39 86 56 73 9 30 10 31 0 5 92 66 77 44 69 60 33 81 87 79 20 50 99 59 74 43 8 14 19 96 67 22 18 34 21 88 63 97 16 36 61 41 23 38 85 28 80 4 42 46 70 7 57 83 49 90 1 78 26 54 84 3 51 48 65 47 52 11 62 75 64 13 71 15 94 32 53 12 2 93 6 37 58 72 55 76 95 45" score=5896.500195770902>
The plot was saved into the TSPresult_GA_mutate_whole.png file.

Run: 7
The plot was saved into the TSPstart_GA_mutate_whole.png file.
Generation no:1
Best individual: <Individual chromosome="95 64 17 29 40 7 12 1 33 97 36 5 31 99 46 90 19 14 98 89 54 38 63 42 25 45 44 39 68 47 28 91 8 26 37 85 20 9 53 88 24 6 71 76 75 65 34 23 30 50 0 3 43 57 18 48 84 22 16 10 58 2 27 56 77 13 72 73 94 92 49 87 66 32 62 78 93 83 11 15 60 80 59 74 21 61 52 86 35 96 41 81 79 67 4 51 69 82 70 55" score=23635.49098229901>
Generation no:201
Best individual: <Individual chromosome="77 66 57 20 82 69 33 89 46 27 24 7 35 10 39 34 92 99 55 21 19 47 85 62 29 43 41 22 54 8 42 4 13 58 95 36 16 18 14 49 63 74 78 88 28 64 11 75 44 12 48 3 32 80 70 91 17 72 51 23 90 96 30 86 38 61 67 26 45 76 53 93 31 87 81 68 65 84 52 25 98 83 40 6 71 37 2 15 94 97 1 0 5 9 60 79 50 56 73 59" score=16666.847148043315>
Generation no:401
Best individual: <Individual chromosome="65 90 54 84 51 67 88 22 61 11 95 55 53 15 32 94 72 76 58 16 63 97 26 45 37 36 18 74 1 14 38 12 2 6 64 47 71 52 48 78 3 49 28 85 4 80 62 93 75 41 23 43 8 21 34 31 42 30 39 35 0 82 92 56 60 5 66 83 79 59 99 20 10 9 96 68 50 77 44 19 86 73 69 29 27 57 25 40 7 89 91 98 87 46 81 33 24 17 70 13" score=11636.054640078908>
Generation no:601
Best individual: <Individual chromosome="55 76 58 72 37 45 95 53 15 32 94 54 26 16 67 97 65 84 63 1 61 22 36 18 34 12 2 6 64 13 47 71 52 11 51 78 3 48 49 28 4 80 62 93 75 90 41 23 21 88 38 43 74 42 85 83 8 14 31 20 59 57 82 79 30 9 10 96 19 56 86 73 39 35 0 68 5 92 50 99 66 44 77 69 60 87 33 81 7 46 70 24 17 89 29 27 91 98 25 40" score=6794.391872493388>
Generation no:801
Best individual: <Individual chromosome="58 76 55 72 37 45 95 53 15 32 94 54 26 16 67 84 65 97 1 63 61 22 36 18 34 21 2 6 64 13 71 47 52 11 51 78 3 48 49 28 4 80 62 12 93 75 90 41 23 88 38 43 74 42 85 83 8 14 31 20 79 59 57 82 19 10 96 9 30 56 86 73 39 35 0 68 5 92 50 99 66 44 77 69 60 87 33 81 7 46 70 24 89 29 17 27 91 98 25 40" score=6436.478518751452>
..................Result.........................
<Individual chromosome="58 76 55 72 37 45 95 53 15 32 94 54 26 16 84 97 1 63 61 36 22 67 23 62 6 64 13 71 47 52 11 65 51 3 78 48 49 28 42 4 2 12 93 75 80 90 41 18 21 34 88 38 43 74 85 83 8 14 31 20 79 59 57 82 19 10 96 9 30 56 86 73 39 35 0 68 5 92 50 99 66 44 77 69 60 87 33 81 7 46 70 24 89 29 17 27 91 98 25 40" score=6005.096779567396>
The plot was saved into the TSPresult_GA_mutate_whole.png file.

Run: 8
The plot was saved into the TSPstart_GA_mutate_whole.png file.
Generation no:1
Best individual: <Individual chromosome="30 50 3 16 45 92 68 51 84 27 46 54 94 63 96 2 35 25 99 86 18 29 44 40 12 38 88 89 26 14 93 73 41 69 57 59 55 97 83 52 70 95 6 90 62 4 24 39 10 28 79 82 17 53 75 48 32 71 13 77 56 36 33 60 9 67 42 20 5 21 43 15 0 11 85 37 65 58 72 47 78 64 1 74 31 19 23 61 80 76 49 66 7 22 34 8 91 98 81 87" score=23417.165017823616>
Generation no:201
Best individual: <Individual chromosome="29 46 80 28 59 70 81 77 87 27 17 20 31 57 18 75 62 54 78 50 34 32 84 91 24 33 8 45 43 83 42 12 95 40 23 61 36 73 67 35 60 69 82 48 72 53 52 6 37 74 2 98 89 92 9 10 21 96 63 51 90 49 65 15 94 11 47 64 71 76 58 93 0 39 26 16 88 3 55 25 7 97 38 14 13 1 41 5 68 44 85 4 30 86 19 66 56 22 99 79" score=16445.616240757998>
Generation no:401
Best individual: <Individual chromosome="53 47 13 72 95 94 23 97 84 36 88 96 16 22 11 52 2 76 58 45 32 62 64 71 6 37 4 41 51 43 3 90 48 15 83 12 55 93 75 54 26 78 63 8 74 80 25 17 40 91 14 69 87 60 24 27 81 28 46 98 82 59 1 18 68 5 0 89 70 33 29 10 67 50 19 49 65 61 31 35 56 86 73 79 7 57 42 85 20 30 34 21 92 44 66 9 38 39 99 77" score=13259.399029986764>
Generation no:601
Best individual: <Individual chromosome="95 94 53 47 11 52 62 64 72 76 58 71 90 51 3 48 15 37 6 12 93 75 45 55 32 65 54 16 61 36 22 41 26 78 1 84 97 63 23 43 49 74 8 14 13 85 83 28 4 80 2 40 25 24 91 29 89 46 42 59 69 60 82 87 33 17 27 98 70 81 7 57 19 9 30 96 10 21 34 18 88 67 38 31 79 20 50 99 77 92 44 66 86 73 56 39 35 0 68 5" score=7119.375707953169>
Generation no:801
Best individual: <Individual chromosome="95 94 53 47 11 52 62 64 76 72 58 71 90 51 3 48 15 37 6 12 93 75 45 55 32 65 54 16 61 36 22 41 26 78 1 84 97 63 23 43 49 74 8 14 83 13 80 85 28 4 2 40 25 24 91 29 89 46 42 7 59 82 60 69 87 33 17 27 98 70 81 57 19 9 30 96 10 21 34 18 67 88 38 31 79 20 99 50 56 73 86 39 35 0 92 66 77 44 5 68" score=6918.937792777213>
..................Result.........................
<Individual chromosome="64 53 94 15 11 52 62 95 76 72 55 71 90 51 3 48 47 75 12 93 6 45 37 58 32 65 54 16 61 36 22 41 26 78 1 84 97 63 23 43 49 74 8 14 83 13 80 85 28 4 2 40 91 29 89 17 24 27 46 25 98 42 7 59 69 60 82 87 33 70 81 57 19 9 30 96 10 21 34 18 67 88 38 31 79 20 99 50 56 73 86 39 35 0 92 66 77 44 5 68" score=6382.586576083635>
The plot was saved into the TSPresult_GA_mutate_whole.png file.

Run: 9
The plot was saved into the TSPstart_GA_mutate_whole.png file.
Generation no:1
Best individual: <Individual chromosome="74 99 31 93 45 2 10 59 13 84 97 90 1 48 85 28 80 6 72 53 94 14 18 51 69 34 44 0 19 63 61 55 79 91 35 30 27 57 82 17 71 4 11 26 56 89 24 67 92 96 88 32 62 25 60 52 75 41 43 5 9 42 95 8 77 40 49 73 78 29 66 68 86 81 65 46 87 70 20 23 36 47 58 12 16 33 98 38 21 15 39 76 83 54 22 50 3 64 37 7" score=23169.403072104607>
Generation no:201
Best individual: <Individual chromosome="66 33 69 64 96 73 21 10 11 24 17 89 27 86 19 34 16 36 14 38 90 87 56 79 15 44 50 39 60 0 5 31 4 52 94 13 93 62 55 95 58 76 53 71 32 20 43 18 88 9 92 54 63 8 2 72 12 77 82 57 7 42 59 47 22 67 1 81 98 91 70 29 40 25 46 45 6 37 83 28 80 84 68 97 51 26 23 78 35 75 85 41 61 49 74 3 48 65 30 99" score=16102.50410137271>
Generation no:401
Best individual: <Individual chromosome="24 69 66 0 77 39 73 21 9 30 56 34 86 35 68 28 62 17 89 29 14 99 10 60 87 44 82 25 85 59 52 81 2 42 40 36 41 31 11 13 64 4 15 94 76 12 95 53 45 83 72 16 65 3 54 84 48 51 75 47 98 57 33 46 49 38 78 26 97 22 63 67 18 50 5 92 80 1 93 6 58 37 70 7 96 61 8 19 74 90 55 71 32 88 23 79 20 43 91 27" score=14501.301310713541>
Generation no:601
Best individual: <Individual chromosome="77 0 39 73 56 86 30 9 34 19 35 68 66 92 5 60 44 87 17 89 29 79 50 99 82 69 81 20 57 59 14 96 31 7 91 80 46 98 33 24 70 27 40 25 28 83 2 6 13 53 94 76 55 58 37 72 95 74 52 62 75 47 32 15 65 93 64 71 45 12 4 85 90 8 43 49 18 63 97 1 88 22 10 42 11 21 38 26 16 61 36 78 48 84 51 54 41 3 67 23" score=10220.757934092415>
Generation no:801
Best individual: <Individual chromosome="0 39 86 73 56 9 30 19 35 68 5 92 77 50 99 66 44 60 82 87 17 89 29 69 20 31 14 57 59 7 81 46 98 91 24 33 70 27 40 25 42 2 28 83 80 93 6 53 76 55 72 95 58 37 45 12 4 85 62 75 64 13 32 94 15 71 47 52 11 49 74 43 8 79 38 96 10 21 34 18 88 22 36 61 41 90 1 63 16 26 78 3 54 84 65 48 51 97 23 67" score=6054.575540035745>
..................Result.........................
<Individual chromosome="35 39 86 73 56 9 30 19 0 68 5 92 50 99 66 44 77 60 82 87 17 89 29 69 20 31 14 57 59 7 81 46 91 27 24 33 70 98 40 25 42 2 28 83 80 93 6 72 76 55 95 58 37 45 12 4 85 62 75 64 13 53 32 94 15 71 47 52 11 49 74 43 8 79 38 96 10 21 34 88 18 22 36 61 23 1 63 41 16 26 78 54 84 65 48 51 3 97 90 67" score=5743.458981375249>
The plot was saved into the TSPresult_GA_mutate_whole.png file.

..................End.........................
