..................Start.........................
birthrate = 0.4 operator = crossover
Run: 0
The plot was saved into the TSPstart_GA_mutate_whole.png file.
Generation no:1
Best individual: <Individual chromosome="23 44 76 85 28 45 15 52 6 81 5 82 21 18 17 4 97 86 19 98 25 66 60 99 26 65 93 64 43 22 34 10 50 7 13 96 31 68 40 42 1 47 37 58 55 89 72 80 14 12 36 38 69 35 46 74 48 24 54 87 62 32 90 49 75 30 73 9 78 3 20 33 61 53 94 83 29 56 57 91 92 0 51 84 41 88 11 70 59 39 2 77 63 95 27 71 16 8 79 67" score=22942.85739358001>
Generation no:201
Best individual: <Individual chromosome="91 25 65 93 47 45 74 96 7 67 61 78 32 71 6 29 17 27 98 41 66 33 37 72 12 84 22 36 59 9 10 11 75 52 13 15 94 63 1 90 26 60 87 44 82 81 58 80 99 31 0 39 86 77 42 24 64 89 46 92 68 5 56 97 69 30 34 50 51 48 16 3 19 35 14 43 28 79 73 21 18 88 70 95 53 83 23 8 20 54 62 49 85 57 38 4 2 55 76 40" score=16977.665481695145>
Generation no:401
Best individual: <Individual chromosome="86 44 39 50 0 68 26 38 51 46 21 10 61 36 88 1 19 56 20 7 31 71 42 67 74 4 98 53 15 95 76 58 94 32 13 6 54 3 66 59 70 29 89 17 27 33 91 23 16 2 96 79 84 65 52 25 8 73 24 60 90 41 63 22 34 9 99 92 77 69 35 5 30 87 40 12 55 37 80 93 62 48 45 64 18 14 28 43 78 47 97 49 83 72 11 85 75 82 81 57" score=16022.246257857014>
Generation no:601
Best individual: <Individual chromosome="6 37 95 71 75 15 72 76 55 94 58 32 33 27 70 24 91 93 87 29 7 89 17 40 60 45 53 11 12 46 25 47 52 54 64 13 65 2 98 48 62 83 85 79 74 23 66 69 14 49 41 42 30 88 57 20 50 43 92 9 35 31 99 44 73 77 39 21 80 68 1 18 96 8 10 36 22 63 61 56 86 67 4 28 38 19 16 26 97 90 78 84 34 0 5 82 59 51 3 81" score=15447.29380079819>
Generation no:801
Best individual: <Individual chromosome="76 72 58 55 94 32 53 52 37 45 6 15 47 95 93 12 40 91 70 2 25 46 29 98 17 27 81 24 89 7 13 64 75 62 71 80 83 42 4 77 69 19 9 73 28 8 85 66 82 87 33 60 92 44 59 79 31 5 57 99 0 35 68 39 50 20 56 86 34 38 43 74 3 88 10 21 67 14 51 84 63 23 18 22 96 1 65 48 90 49 26 16 78 97 36 54 30 61 41 11" score=10600.378149738048>
Generation no:1001
Best individual: <Individual chromosome="58 72 76 55 94 32 15 53 52 37 95 45 6 93 12 40 91 98 25 46 29 70 17 27 24 89 33 7 2 71 47 11 13 64 62 75 80 85 4 28 42 83 57 59 82 81 87 60 69 44 66 92 5 77 31 79 74 8 20 50 99 0 35 68 39 56 86 73 9 30 19 43 38 96 34 21 10 14 49 23 18 88 67 22 36 41 63 1 61 16 26 78 90 51 3 97 54 48 84 65" score=6072.697414841724>
Generation no:1201
Best individual: <Individual chromosome="52 72 76 55 94 32 15 53 95 58 37 45 6 93 12 40 91 98 25 46 70 29 89 17 27 24 33 7 2 71 47 11 13 64 62 75 80 83 85 42 4 28 57 59 82 81 87 60 69 44 66 92 5 77 31 79 74 8 20 50 99 0 68 35 39 56 86 73 9 30 19 96 34 21 10 38 14 43 49 23 67 88 18 22 36 16 61 41 63 1 26 78 90 97 51 3 54 84 48 65" score=5268.941409174196>
Generation no:1401
Best individual: <Individual chromosome="94 76 55 72 32 15 53 95 58 37 45 6 93 12 40 91 98 25 46 70 89 29 17 27 24 33 7 2 52 47 71 11 13 64 62 75 80 83 85 28 4 42 57 59 82 81 87 60 69 77 66 44 5 68 92 79 14 74 8 31 20 50 99 0 35 39 56 86 73 9 30 19 96 10 21 34 38 43 49 23 88 67 22 18 36 16 61 41 63 1 26 78 90 97 51 3 54 84 48 65" score=5079.343682018107>
Generation no:1601
Best individual: <Individual chromosome="94 55 76 32 15 53 72 95 58 37 45 6 93 12 40 91 98 25 46 70 89 29 17 27 24 33 2 52 47 71 11 13 64 62 75 80 83 85 28 4 42 7 57 59 82 81 87 60 69 77 66 44 5 68 92 31 14 8 79 20 50 99 0 35 39 56 86 73 9 30 19 96 10 21 34 38 74 43 49 23 88 67 22 18 36 16 61 41 63 1 26 78 90 97 51 3 54 84 48 65" score=4986.642385585415>
Generation no:1801
Best individual: <Individual chromosome="94 55 76 32 15 53 72 95 58 37 45 6 93 12 40 91 98 25 46 70 89 29 17 27 24 33 2 71 47 52 11 13 64 62 75 80 83 85 28 4 42 7 57 59 81 87 82 60 69 77 66 44 5 68 92 20 79 8 14 31 50 99 0 35 39 56 86 73 9 30 19 96 10 21 34 38 74 43 49 23 88 67 22 18 36 16 61 41 63 1 26 78 90 97 51 3 54 84 48 65" score=4932.684780716196>
Generation no:2001
Best individual: <Individual chromosome="94 55 76 32 15 53 72 95 58 37 45 6 93 12 40 91 98 25 46 70 89 29 17 27 24 33 2 71 47 52 11 13 64 62 75 80 83 85 28 4 42 7 57 59 81 87 82 60 69 77 66 44 5 68 92 20 79 8 14 31 50 99 0 35 39 56 86 73 9 30 19 96 10 21 34 49 74 43 38 23 88 67 22 18 36 16 61 41 63 1 26 78 90 97 51 3 54 84 48 65" score=4907.044430366534>
Generation no:2201
Best individual: <Individual chromosome="94 55 76 32 15 53 72 95 58 37 45 6 93 12 40 91 98 25 46 70 89 29 17 27 24 33 2 71 47 52 11 13 64 62 75 80 83 85 28 4 42 7 57 59 81 87 82 60 69 77 66 44 5 68 92 20 79 8 14 19 31 50 99 0 35 39 56 86 73 9 30 96 10 21 34 49 74 43 38 23 88 67 22 18 36 16 61 41 63 1 26 78 90 97 51 3 54 84 48 65" score=4875.754414422431>
Generation no:2401
Best individual: <Individual chromosome="94 55 76 32 15 53 72 95 58 37 45 6 93 12 40 91 98 25 46 70 89 29 17 27 24 33 2 71 47 52 11 13 64 62 75 80 83 85 28 4 42 7 57 59 81 87 82 60 69 77 66 44 5 68 92 99 20 79 8 14 31 50 0 35 39 56 86 73 9 30 19 96 10 21 34 23 49 74 43 38 88 67 22 18 36 16 61 41 63 1 26 78 90 97 51 3 54 84 48 65" score=4866.361989193247>
Generation no:2601
Best individual: <Individual chromosome="94 55 76 32 15 53 72 95 58 37 45 6 93 12 40 91 98 25 46 70 89 29 17 27 24 33 2 71 47 52 11 13 64 62 75 80 83 85 28 4 42 7 57 59 81 87 82 60 69 77 66 44 5 68 92 99 20 79 8 14 31 50 0 35 39 56 86 73 9 30 19 96 10 21 34 23 49 74 43 38 88 67 22 18 36 16 61 41 63 1 26 78 90 97 51 3 54 84 48 65" score=4866.361989193247>
Generation no:2801
Best individual: <Individual chromosome="94 55 76 32 15 53 72 95 58 37 45 6 93 12 40 91 98 25 46 70 89 29 17 27 24 33 2 71 47 52 11 13 64 62 75 80 83 85 28 4 42 7 57 59 81 87 82 60 69 77 66 44 5 68 92 99 20 79 8 14 31 50 0 35 39 56 86 73 9 30 19 96 10 21 34 23 49 74 43 38 88 67 22 18 36 16 61 41 63 1 26 78 90 97 51 3 54 84 48 65" score=4866.361989193247>
Generation no:3001
Best individual: <Individual chromosome="94 55 76 32 15 53 95 72 58 37 45 6 93 12 40 91 98 25 46 70 89 29 17 27 24 33 2 71 47 52 11 13 64 62 75 80 83 85 28 4 42 7 57 59 81 87 82 60 69 77 66 44 5 68 92 99 20 79 8 14 31 50 0 35 39 56 86 73 9 30 19 96 10 21 34 23 49 74 43 38 88 67 22 18 36 16 61 41 63 1 26 78 90 97 51 3 54 84 48 65" score=4852.573388653792>
Generation no:3201
Best individual: <Individual chromosome="94 55 76 32 15 53 95 72 58 37 45 6 93 12 40 91 98 25 46 70 89 29 17 27 24 33 2 71 47 52 11 13 64 62 75 80 83 85 28 4 42 7 57 59 81 87 82 60 69 77 66 44 5 68 92 99 20 79 8 14 31 50 0 35 39 56 86 73 9 30 19 96 10 21 34 23 49 74 43 38 88 67 22 18 36 16 61 41 63 1 26 78 90 97 51 3 54 84 48 65" score=4852.573388653792>
Generation no:3401
Best individual: <Individual chromosome="94 55 76 32 15 53 95 72 58 37 45 6 93 12 40 91 98 25 46 70 89 29 17 27 24 33 2 71 47 52 11 13 64 62 75 80 83 85 28 4 42 7 57 59 81 87 82 60 69 77 66 44 5 68 92 99 20 79 8 14 31 50 0 35 39 56 86 73 9 30 19 96 10 21 34 23 49 74 43 38 88 67 22 18 36 16 61 41 63 1 26 78 90 97 51 3 54 84 48 65" score=4852.573388653792>
Generation no:3601
Best individual: <Individual chromosome="94 55 76 32 15 53 95 72 58 37 45 6 93 12 40 91 98 25 46 70 89 29 17 27 24 33 2 71 47 52 11 13 64 62 75 80 83 85 28 4 42 7 57 59 81 87 82 60 69 77 66 44 5 68 92 99 20 79 8 14 31 50 0 35 39 56 86 73 9 30 19 96 10 21 34 23 49 74 43 38 88 67 22 18 36 16 61 41 63 1 26 78 90 97 51 3 54 84 48 65" score=4852.573388653792>
Generation no:3801
Best individual: <Individual chromosome="94 55 76 32 15 53 95 72 58 37 45 6 93 12 40 91 98 46 70 33 89 29 17 27 24 25 2 71 47 52 11 13 64 62 75 80 83 85 28 4 42 7 57 59 81 87 82 60 69 77 66 44 5 68 92 99 20 79 8 14 31 50 0 35 39 56 86 73 9 30 19 96 10 21 34 23 49 74 43 38 88 67 22 18 36 16 61 41 63 1 26 78 90 97 51 3 54 84 48 65" score=4846.108240597475>
Generation no:4001
Best individual: <Individual chromosome="94 55 76 32 15 53 95 72 58 37 45 6 93 12 40 91 98 25 46 70 89 29 17 27 24 33 2 71 47 52 11 13 64 62 75 80 83 85 28 4 42 7 57 59 81 87 82 60 69 77 66 44 5 68 92 99 20 79 8 14 19 31 50 0 35 39 56 86 73 9 30 96 10 21 34 23 49 74 43 38 88 67 22 18 36 16 61 41 63 1 26 78 90 97 51 3 54 84 48 65" score=4821.2833727096895>
Generation no:4201
Best individual: <Individual chromosome="94 55 76 32 15 53 95 72 58 37 45 6 93 12 40 91 98 25 46 70 89 29 17 27 24 33 2 71 47 52 11 13 64 62 75 80 83 85 28 4 42 7 57 59 81 87 82 60 69 77 66 44 5 68 92 99 20 79 8 14 19 31 50 0 35 39 56 86 73 9 30 96 10 21 34 23 49 74 43 38 88 67 22 18 36 16 61 41 63 1 26 78 90 97 51 3 54 84 48 65" score=4821.2833727096895>
Generation no:4401
Best individual: <Individual chromosome="94 55 76 32 15 53 95 72 58 37 45 6 93 12 40 91 98 25 46 70 89 29 17 27 24 33 2 71 47 52 11 13 64 62 75 80 83 85 28 4 42 7 57 59 81 87 82 60 69 77 66 44 5 68 92 99 20 79 8 14 19 31 50 0 35 39 56 86 73 9 30 96 10 21 34 23 49 74 43 38 88 67 22 18 36 16 61 41 63 1 26 78 90 97 51 3 54 84 48 65" score=4821.2833727096895>
Generation no:4601
Best individual: <Individual chromosome="94 55 76 32 15 53 95 72 58 37 45 6 93 12 40 91 98 46 70 89 29 17 27 24 33 25 2 71 47 52 11 13 64 62 75 80 83 85 28 4 42 7 57 59 81 87 82 60 69 77 66 44 5 68 92 99 20 79 8 14 19 31 50 0 35 39 56 86 73 9 30 96 10 21 34 23 49 74 43 38 88 67 22 18 36 16 61 41 63 1 26 78 90 97 51 3 54 84 48 65" score=4808.395784467442>
Generation no:4801
Best individual: <Individual chromosome="94 55 76 32 15 53 95 72 58 37 45 6 93 12 40 91 98 46 70 89 29 17 27 24 33 25 2 71 47 52 11 13 64 62 75 80 83 85 28 4 42 7 57 59 81 87 82 60 69 77 66 44 5 68 92 99 20 79 8 14 19 31 50 0 35 39 56 86 73 9 30 96 10 21 34 88 23 49 74 43 38 67 22 18 36 16 61 41 63 1 26 78 90 97 51 3 54 84 48 65" score=4802.235878609253>
Generation no:5001
Best individual: <Individual chromosome="94 55 76 32 15 53 95 72 58 37 45 6 93 40 91 98 46 70 89 29 17 27 24 33 25 2 12 71 47 52 11 13 64 62 75 80 83 85 28 4 42 7 57 59 81 87 82 60 69 77 66 44 5 68 92 99 20 79 8 14 19 31 50 0 35 39 56 86 73 9 30 96 10 21 34 23 49 74 43 38 88 67 22 18 36 16 61 41 63 1 26 78 90 97 51 3 54 84 48 65" score=4792.197682448601>
Generation no:5201
Best individual: <Individual chromosome="94 55 76 32 15 53 95 72 58 37 45 6 93 40 91 98 46 70 89 29 17 27 24 33 25 2 12 71 47 52 11 13 64 62 75 80 83 85 28 4 42 7 57 59 81 87 82 60 69 77 66 44 5 68 92 99 20 79 8 14 19 31 50 0 35 39 56 86 73 9 30 96 10 21 34 23 49 74 43 38 88 67 22 18 36 16 61 41 63 1 26 78 90 97 51 3 54 84 48 65" score=4792.197682448601>
Generation no:5401
Best individual: <Individual chromosome="94 55 76 32 15 53 95 72 58 37 45 6 93 40 91 98 46 70 89 29 17 27 24 33 25 2 12 71 47 52 11 13 64 62 75 80 83 85 28 4 42 7 57 59 81 87 82 60 69 77 66 44 5 68 92 99 20 79 8 14 19 31 50 0 35 39 56 86 73 9 30 96 10 21 34 23 49 74 43 38 88 67 22 18 36 16 61 41 63 1 26 78 90 97 51 3 54 84 48 65" score=4792.197682448601>
Generation no:5601
Best individual: <Individual chromosome="94 55 76 32 15 53 95 72 58 37 45 6 93 40 91 98 46 70 89 29 17 27 24 33 25 2 12 71 47 52 11 13 64 62 75 80 83 85 28 4 42 7 57 59 81 87 82 60 69 77 66 44 5 68 92 99 20 79 8 14 19 31 50 0 35 39 56 86 73 9 30 96 10 21 34 23 49 74 43 38 88 67 22 18 36 16 61 41 63 1 26 78 90 97 51 3 54 84 48 65" score=4792.197682448601>
Generation no:5801
Best individual: <Individual chromosome="94 55 76 32 15 53 95 72 58 37 45 6 93 12 40 91 98 27 89 29 17 24 33 70 46 25 2 71 47 52 11 13 64 62 75 80 83 85 28 4 42 7 57 59 81 87 82 60 69 77 66 44 5 68 92 99 20 79 8 14 19 31 50 0 35 39 86 73 56 9 30 96 10 21 34 23 49 74 43 38 88 67 22 18 36 16 61 41 63 1 26 78 90 97 51 3 54 84 48 65" score=4751.692648458048>
Generation no:6001
Best individual: <Individual chromosome="94 55 76 32 15 53 95 72 58 37 45 6 93 12 40 98 91 27 17 29 89 24 33 70 46 25 2 71 47 52 11 13 64 62 75 80 83 85 28 4 42 7 57 59 81 87 82 60 69 77 66 44 5 68 92 99 20 79 8 14 19 31 50 0 35 39 86 73 56 9 30 96 10 21 34 23 49 74 43 38 88 67 22 18 36 16 61 41 63 1 26 78 90 97 51 3 54 84 48 65" score=4719.335663178133>
Generation no:6201
Best individual: <Individual chromosome="94 55 76 32 15 53 95 72 58 37 45 6 93 40 91 27 17 29 89 24 33 70 46 98 25 2 12 71 47 52 11 13 64 62 75 80 83 85 28 4 42 7 57 59 81 87 82 60 69 77 66 44 5 68 92 99 20 79 8 14 19 31 50 0 35 39 86 73 56 9 30 96 10 21 34 23 49 74 43 38 88 67 22 18 36 16 61 41 63 1 26 78 90 97 51 3 54 84 48 65" score=4663.39884761993>
Generation no:6401
Best individual: <Individual chromosome="94 55 76 32 15 53 95 72 58 37 45 6 93 40 91 27 17 29 89 24 33 70 46 98 25 2 12 71 47 52 11 13 64 62 75 80 83 85 28 4 42 7 57 59 81 87 82 60 69 77 66 44 5 68 92 99 20 79 8 14 19 31 50 0 35 39 86 73 56 9 30 96 10 21 34 23 49 74 43 38 88 67 22 18 36 16 61 41 63 1 26 78 90 97 51 3 54 84 48 65" score=4663.39884761993>
Generation no:6601
Best individual: <Individual chromosome="94 55 76 32 15 53 95 72 58 37 45 6 93 40 91 27 17 29 89 24 33 70 46 98 25 2 12 71 47 52 11 13 64 62 75 80 83 85 28 4 42 7 57 59 81 87 82 60 69 77 66 44 5 68 92 99 20 79 8 14 19 31 50 0 35 39 86 73 56 9 30 96 10 21 34 23 49 74 43 38 88 67 22 18 36 16 61 41 63 1 26 78 90 97 51 3 54 84 48 65" score=4663.39884761993>
Generation no:6801
Best individual: <Individual chromosome="94 55 76 32 15 53 95 72 58 37 45 6 93 40 91 27 17 29 89 24 33 70 46 98 25 2 12 71 47 52 11 13 64 62 75 80 83 85 28 4 42 7 57 59 81 87 82 60 69 77 66 44 5 68 92 99 20 79 8 14 19 31 50 0 35 39 86 73 56 9 30 96 10 21 34 23 49 74 43 38 88 67 22 18 36 16 61 41 63 1 26 78 90 97 51 3 54 84 48 65" score=4663.39884761993>
Generation no:7001
Best individual: <Individual chromosome="94 55 76 32 15 53 95 72 58 37 45 6 93 40 91 27 17 29 89 24 33 70 46 98 25 2 12 71 47 52 11 13 64 62 75 80 83 85 28 4 42 7 57 59 81 87 82 60 69 77 66 44 5 68 92 99 20 79 8 14 19 31 50 0 35 39 86 73 56 9 30 96 10 21 34 23 49 74 43 38 88 67 22 18 36 16 61 41 63 1 26 78 90 97 51 3 54 84 48 65" score=4663.39884761993>
Generation no:7201
Best individual: <Individual chromosome="94 55 76 32 15 53 95 72 58 37 45 6 93 40 91 27 17 29 89 24 33 70 46 98 25 2 12 71 47 52 11 13 64 62 75 80 83 85 28 4 42 7 57 59 81 87 82 60 69 77 66 44 5 68 92 99 20 79 8 14 19 31 50 0 35 39 86 73 56 9 30 96 10 21 34 23 49 74 43 38 88 67 22 18 36 16 61 41 63 1 26 78 90 97 51 3 54 84 48 65" score=4663.39884761993>
Generation no:7401
Best individual: <Individual chromosome="94 55 76 32 15 53 95 72 58 37 45 6 93 40 91 27 17 29 89 24 33 70 46 98 25 2 12 71 47 52 11 13 64 62 75 80 83 85 28 4 42 7 57 59 81 87 82 60 69 77 66 44 5 68 92 99 20 79 8 14 19 31 50 0 35 39 86 73 56 9 30 96 10 21 34 23 49 74 43 38 88 67 22 18 36 16 61 41 63 1 26 78 90 97 51 3 54 84 48 65" score=4663.39884761993>
Generation no:7601
Best individual: <Individual chromosome="94 55 76 32 15 53 95 72 58 37 45 6 93 40 91 27 17 29 89 24 33 70 46 98 25 2 12 71 47 52 11 13 64 62 75 80 83 85 28 4 42 7 57 59 81 87 82 60 69 77 66 44 5 68 92 99 20 79 8 14 19 31 50 0 35 39 86 73 56 9 30 96 10 21 34 23 49 74 43 38 88 67 22 18 36 16 61 41 63 1 26 78 90 97 51 3 54 84 48 65" score=4663.39884761993>
Generation no:7801
Best individual: <Individual chromosome="94 55 76 32 15 53 95 72 58 37 45 6 93 40 91 27 17 29 89 24 33 70 46 98 25 2 12 71 47 52 11 13 64 62 75 80 83 85 28 4 42 7 57 59 81 87 82 60 69 77 66 44 5 68 92 99 20 79 8 14 19 31 50 0 35 39 86 73 56 9 30 96 10 21 34 23 49 74 43 38 88 67 22 18 36 16 61 41 63 1 26 78 90 97 51 3 54 84 48 65" score=4663.39884761993>
Generation no:8001
Best individual: <Individual chromosome="94 55 76 32 15 53 95 72 58 37 45 6 93 40 91 27 17 29 89 24 33 70 46 98 25 2 12 71 47 52 11 13 64 62 75 80 83 85 28 4 42 7 57 59 81 87 82 60 69 77 66 44 5 68 92 99 20 79 8 14 19 31 50 0 35 39 86 73 56 9 30 96 10 21 34 23 49 74 43 38 88 67 22 18 36 16 61 41 63 1 26 78 90 97 51 3 54 84 48 65" score=4663.39884761993>
Generation no:8201
Best individual: <Individual chromosome="94 55 76 32 15 53 95 72 58 37 45 6 93 40 91 27 17 29 89 24 33 70 46 98 25 2 12 71 47 52 11 13 64 62 75 80 83 85 28 4 42 7 57 59 81 87 82 60 69 77 66 44 5 68 92 99 20 79 8 14 19 31 50 0 35 39 86 73 56 9 30 96 10 21 34 23 49 74 43 38 88 67 22 18 36 16 61 41 63 1 26 78 90 97 51 3 54 84 48 65" score=4663.39884761993>
Generation no:8401
Best individual: <Individual chromosome="94 55 76 32 15 53 95 72 58 37 45 6 93 40 91 27 17 29 89 24 33 70 46 98 25 2 12 71 47 52 11 13 64 62 75 80 83 85 28 4 42 7 57 59 81 87 82 60 69 77 66 44 5 68 92 99 20 79 8 14 19 31 50 0 35 39 86 73 56 9 30 96 10 21 34 23 49 74 43 38 88 67 22 18 36 16 61 41 63 1 26 78 90 97 51 3 54 84 48 65" score=4663.39884761993>
Generation no:8601
Best individual: <Individual chromosome="94 55 76 32 15 53 95 72 58 37 45 6 93 40 91 27 17 29 89 24 33 70 46 98 25 2 12 71 47 52 11 13 64 62 75 80 83 85 28 4 42 7 57 59 81 87 82 60 69 77 66 44 5 68 92 99 20 79 8 14 19 31 50 0 35 39 86 73 56 9 30 96 10 21 34 23 49 74 43 38 88 67 22 18 36 16 61 41 63 1 26 78 90 97 51 3 54 84 48 65" score=4663.39884761993>
Generation no:8801
Best individual: <Individual chromosome="94 55 76 32 15 53 95 72 58 37 45 6 93 40 91 27 17 29 89 24 33 70 46 98 25 2 12 71 47 52 11 13 64 62 75 80 83 85 28 4 42 7 57 59 81 87 82 60 69 77 66 44 5 68 92 99 20 79 8 14 19 31 50 0 35 39 86 73 56 9 30 96 10 21 34 88 23 49 74 43 38 67 22 18 36 16 61 41 63 1 26 78 90 97 51 3 54 84 48 65" score=4657.23894176174>
Generation no:9001
Best individual: <Individual chromosome="94 55 76 32 15 53 95 72 58 37 45 6 93 40 91 27 17 29 89 24 33 70 46 98 25 2 12 71 47 52 11 13 64 62 75 80 83 85 28 4 42 7 57 59 81 87 82 60 69 77 66 44 5 68 92 99 20 79 8 14 19 31 50 0 35 39 86 73 56 9 30 96 10 21 34 88 23 49 74 43 38 67 22 18 36 16 61 41 63 1 26 78 90 97 51 3 54 84 48 65" score=4657.23894176174>
Generation no:9201
Best individual: <Individual chromosome="94 55 76 32 15 53 95 72 58 37 45 6 93 40 91 27 17 29 89 24 33 70 46 98 25 2 12 71 47 52 11 13 64 62 75 80 83 85 28 4 42 7 57 59 81 87 82 60 69 77 66 44 5 68 92 99 20 79 8 14 19 31 50 0 35 39 86 73 56 9 30 96 10 21 34 88 23 49 74 43 38 67 22 18 36 16 61 41 63 1 26 78 90 97 51 3 54 84 48 65" score=4657.23894176174>
Generation no:9401
Best individual: <Individual chromosome="94 55 76 32 15 53 95 72 58 37 45 6 93 40 91 27 17 29 89 24 33 70 46 98 25 2 12 71 47 52 11 13 64 62 75 80 83 85 28 4 42 7 57 59 81 87 82 60 69 77 66 44 5 68 92 99 20 79 8 14 19 31 50 0 35 39 86 73 56 9 30 96 10 21 34 88 23 49 74 43 38 67 22 18 36 16 61 41 63 1 26 78 90 97 51 3 54 84 48 65" score=4657.23894176174>
Generation no:9601
Best individual: <Individual chromosome="94 55 76 32 15 53 95 72 58 37 45 6 93 40 91 27 17 29 89 24 33 70 46 98 25 2 12 71 47 52 11 13 64 62 75 80 83 85 28 4 42 7 57 59 81 87 82 60 69 77 66 44 5 68 92 99 20 79 8 14 19 31 50 0 35 39 86 73 56 9 30 96 10 21 34 88 23 49 74 43 38 67 22 18 36 16 61 41 63 1 26 78 90 97 51 3 54 84 48 65" score=4657.23894176174>
Generation no:9801
Best individual: <Individual chromosome="94 55 76 32 15 53 95 72 58 37 45 6 93 40 91 27 17 29 89 24 33 70 46 98 25 2 12 71 47 52 11 13 64 62 75 80 83 85 28 4 42 7 57 59 81 87 82 60 69 77 66 44 5 68 92 99 20 79 8 14 19 31 50 0 35 39 86 73 56 9 30 96 10 21 34 88 23 49 74 43 38 67 22 18 36 16 61 41 63 1 26 78 90 97 51 3 54 84 48 65" score=4657.23894176174>
..................Result.........................
<Individual chromosome="94 55 76 32 15 53 95 72 58 37 45 6 93 40 91 27 17 29 89 24 70 46 98 25 2 12 75 71 47 52 11 13 64 62 80 83 85 28 4 42 7 57 59 81 33 87 82 60 69 77 66 44 5 68 92 99 20 79 8 14 19 31 50 0 35 39 86 73 56 9 30 96 10 21 34 23 49 74 43 38 88 67 22 18 36 16 61 41 63 1 26 78 90 97 51 3 54 84 48 65" score=4655.556521523092>
The plot was saved into the TSPresult_GA_crossover_run_0.png file.

Run: 1
The plot was saved into the TSPstart_GA_mutate_whole.png file.
Generation no:1
Best individual: <Individual chromosome="58 28 8 14 94 72 98 7 77 47 45 46 88 61 53 93 21 9 39 89 90 11 99 13 18 4 73 43 2 74 33 76 65 1 31 56 34 83 26 16 96 38 6 17 52 85 92 44 75 29 91 50 42 10 35 48 51 66 70 87 97 54 20 37 69 41 84 15 55 80 19 5 22 30 63 24 68 79 82 86 0 60 59 78 32 23 25 71 3 67 49 36 81 57 12 95 27 40 64 62" score=23545.038299338823>
Generation no:201
Best individual: <Individual chromosome="74 27 84 26 83 33 48 11 93 62 85 55 71 15 64 75 50 19 10 4 45 53 37 8 57 3 97 51 54 16 52 90 6 13 95 76 58 12 61 49 43 35 39 86 73 91 87 24 9 5 68 44 21 80 32 25 59 69 66 77 20 99 38 88 22 18 82 60 70 94 34 79 92 31 98 40 29 72 17 89 2 0 81 42 41 65 1 56 78 96 23 36 63 47 46 7 30 67 14 28" score=17329.842276190015>
Generation no:401
Best individual: <Individual chromosome="4 60 88 9 21 57 43 61 19 41 79 45 81 69 85 11 37 95 55 76 58 6 32 15 71 94 78 90 84 23 18 68 39 86 96 73 44 35 30 91 53 72 2 34 36 49 1 74 87 25 28 83 75 64 13 12 29 17 70 80 3 62 51 48 47 93 40 27 24 89 26 52 7 38 59 63 67 54 16 50 31 99 5 0 56 33 14 97 22 20 42 98 8 10 65 66 92 77 46 82" score=16269.478423537514>
Generation no:601
Best individual: <Individual chromosome="15 13 65 71 76 84 1 26 41 78 51 32 22 3 95 58 72 55 6 45 37 93 53 47 90 49 4 42 89 59 28 62 80 94 40 81 64 11 85 14 63 29 91 2 75 83 33 66 35 7 24 70 17 27 98 25 82 87 60 77 18 36 16 67 46 57 12 19 44 52 97 48 8 30 9 56 5 68 92 39 61 21 34 10 23 73 86 79 96 99 20 69 50 54 43 31 0 88 74 38" score=14156.76012814872>
Generation no:801
Best individual: <Individual chromosome="71 32 94 95 72 55 76 58 6 45 93 12 75 4 11 53 64 47 48 51 54 16 13 62 2 25 28 42 29 17 70 89 37 41 3 15 80 85 40 24 91 27 98 46 90 49 97 26 83 57 7 52 65 84 78 21 1 63 18 23 14 74 79 19 30 34 22 38 10 67 88 61 36 8 43 82 87 81 33 59 20 39 96 56 50 68 5 44 9 66 60 77 0 31 69 73 86 35 92 99" score=10755.066309037158>
Generation no:1001
Best individual: <Individual chromosome="71 32 94 72 55 95 76 58 6 45 93 12 75 53 47 48 51 54 16 11 13 62 4 25 2 37 15 64 29 17 70 24 91 40 89 27 98 46 42 85 80 28 83 49 90 78 3 52 65 84 97 26 63 1 41 61 36 18 22 23 14 43 74 7 81 87 33 8 38 57 19 67 88 34 21 10 96 79 59 82 60 20 9 30 31 99 69 77 66 5 92 44 73 86 56 35 39 50 68 0" score=7719.245917528788>
Generation no:1201
Best individual: <Individual chromosome="71 32 94 55 76 72 95 58 6 45 93 12 75 53 47 48 51 54 16 13 62 4 2 37 15 11 64 25 29 17 89 24 70 46 27 91 40 98 42 28 85 80 83 49 90 97 52 65 84 3 78 26 1 63 23 41 61 36 18 22 67 88 74 7 81 33 87 60 82 57 8 43 38 14 59 79 19 10 21 34 96 9 30 31 20 50 99 77 69 44 66 92 56 73 86 39 35 0 68 5" score=6380.493083626702>
Generation no:1401
Best individual: <Individual chromosome="71 32 94 55 76 95 72 58 45 6 93 12 37 53 15 47 48 51 54 16 11 13 62 4 2 75 64 25 17 29 89 24 70 46 27 91 40 98 42 28 85 80 83 49 90 97 52 65 84 3 78 26 1 63 23 41 61 36 18 22 67 88 74 7 81 33 87 60 82 59 57 8 43 38 14 79 20 19 96 34 21 10 9 30 31 50 99 69 77 44 66 92 56 73 86 39 35 0 68 5" score=5950.75808630323>
Generation no:1601
Best individual: <Individual chromosome="71 32 94 55 76 95 72 58 45 6 93 12 37 53 15 47 48 51 54 16 11 13 62 64 75 4 2 25 17 29 89 24 70 46 27 91 40 98 42 28 85 80 83 49 90 97 52 65 84 3 78 26 1 63 23 41 61 36 18 22 67 88 8 7 81 33 87 60 82 59 57 74 43 38 14 79 20 19 96 34 21 10 9 30 31 50 99 69 77 44 66 92 56 73 86 39 35 0 68 5" score=5783.191855045732>
Generation no:1801
Best individual: <Individual chromosome="71 32 94 55 76 95 72 58 45 12 93 6 37 53 15 47 52 51 54 16 11 13 64 62 75 4 2 40 17 29 89 24 70 46 27 91 25 98 42 28 85 80 83 49 90 97 48 65 84 3 78 26 1 23 63 41 61 36 18 22 67 88 8 7 81 33 87 60 82 59 57 74 43 38 14 79 20 31 19 96 34 21 10 9 30 50 99 69 77 44 66 92 56 73 86 39 35 0 68 5" score=5533.90704273904>
Generation no:2001
Best individual: <Individual chromosome="15 32 94 55 76 95 72 58 37 12 93 6 45 53 71 47 51 54 16 52 11 13 64 62 75 4 2 40 89 29 17 24 70 46 27 91 98 25 42 28 85 80 83 49 90 97 48 65 84 3 78 26 1 23 63 41 61 36 18 22 67 88 38 74 7 81 33 87 60 82 59 57 8 43 14 79 20 31 19 96 34 21 10 30 9 50 99 69 77 44 66 92 56 73 86 39 35 0 68 5" score=5427.533962667231>
Generation no:2201
Best individual: <Individual chromosome="15 32 94 55 76 95 72 58 37 6 93 12 45 53 71 47 65 54 16 51 11 52 13 64 62 75 4 2 40 89 29 17 24 70 46 27 91 98 25 42 28 85 80 83 49 90 97 48 84 3 78 26 1 23 63 41 61 36 18 22 67 88 38 74 7 81 33 87 60 82 59 57 8 43 14 79 20 31 19 96 34 21 10 30 9 50 99 69 77 44 66 92 56 73 86 39 35 0 68 5" score=5376.055436853893>
Generation no:2401
Best individual: <Individual chromosome="15 32 94 55 76 95 72 58 37 6 93 12 45 53 71 47 54 16 51 52 11 13 64 62 75 2 40 89 29 17 24 70 46 27 91 98 25 42 4 28 85 80 83 49 90 97 48 65 84 3 78 26 1 23 63 41 61 36 18 22 67 88 38 74 7 81 33 87 60 82 59 57 8 43 14 79 20 31 19 96 34 21 10 30 9 50 99 69 77 44 66 92 56 73 86 39 35 0 68 5" score=5370.0508305037965>
Generation no:2601
Best individual: <Individual chromosome="15 32 94 55 76 95 72 58 37 6 93 12 45 53 71 47 54 16 51 52 11 13 64 62 75 2 40 89 29 17 24 70 46 27 91 98 25 42 4 28 85 80 83 49 90 97 48 65 84 3 78 26 1 23 63 41 61 36 18 22 67 88 38 74 7 81 33 87 69 60 82 59 57 8 43 14 79 20 31 19 96 34 21 10 30 9 50 99 77 44 66 92 56 73 86 39 35 0 68 5" score=5329.864508138384>
Generation no:2801
Best individual: <Individual chromosome="15 32 94 55 76 95 72 58 37 6 93 12 45 53 71 47 54 16 51 52 11 13 64 62 75 2 40 89 29 17 24 70 46 27 91 98 25 42 4 28 85 80 83 49 90 97 48 65 84 3 78 26 1 23 63 41 61 36 18 22 67 88 38 74 7 81 33 87 69 60 82 59 57 8 43 14 79 20 31 19 96 34 21 10 30 9 50 99 77 44 66 92 56 73 86 39 35 0 68 5" score=5329.864508138384>
Generation no:3001
Best individual: <Individual chromosome="15 32 94 55 76 95 72 58 37 6 93 12 45 53 71 47 54 16 51 52 11 13 64 62 75 2 40 89 29 17 24 70 46 27 91 98 25 42 4 28 85 80 83 49 90 97 48 65 84 3 78 26 1 23 63 41 61 36 18 22 67 88 38 74 7 81 33 87 69 60 82 59 57 8 43 14 79 20 31 19 96 34 21 10 30 9 50 99 77 44 66 92 56 73 86 39 35 0 68 5" score=5329.864508138384>
Generation no:3201
Best individual: <Individual chromosome="15 32 94 55 76 95 72 58 37 6 93 12 45 53 71 47 54 16 51 52 11 13 64 62 75 2 40 89 29 17 24 70 46 27 91 98 25 42 4 28 85 80 83 49 90 97 48 65 84 3 78 26 1 23 63 41 61 36 18 22 67 88 38 74 7 81 33 87 60 69 82 59 57 8 43 14 79 20 31 19 96 34 21 10 30 9 50 99 77 44 66 92 56 73 86 39 35 0 68 5" score=5310.679645963544>
Generation no:3401
Best individual: <Individual chromosome="15 32 94 55 76 95 72 58 37 6 93 12 45 53 71 47 54 16 51 52 11 13 64 62 75 2 40 89 29 17 24 70 46 27 91 98 25 42 4 28 85 80 83 49 90 97 48 65 84 3 78 26 1 23 63 41 61 36 18 22 67 88 38 74 7 81 33 87 60 69 82 59 57 8 43 14 79 20 31 19 96 34 21 10 30 9 50 99 77 44 66 92 56 73 86 39 35 0 68 5" score=5310.679645963544>
Generation no:3601
Best individual: <Individual chromosome="15 32 94 55 76 95 72 58 37 6 93 12 45 53 71 47 54 16 51 52 11 13 64 62 75 2 40 89 29 17 24 70 46 27 91 98 25 42 4 28 85 80 83 49 90 97 48 65 84 3 78 26 1 23 63 41 61 36 18 22 67 88 38 74 7 81 33 87 60 69 82 59 57 8 43 14 79 20 31 19 96 34 21 10 30 9 50 99 77 44 66 92 56 73 86 39 35 0 68 5" score=5310.679645963544>
Generation no:3801
Best individual: <Individual chromosome="15 32 94 55 76 95 72 58 37 6 93 12 45 53 71 47 54 16 51 52 11 13 64 62 75 2 40 89 29 17 24 70 46 27 91 98 25 42 4 28 85 80 83 49 90 97 48 65 84 3 78 26 1 23 63 41 61 36 18 22 67 88 38 74 7 81 33 87 60 69 82 59 57 8 43 14 79 20 31 19 96 34 21 10 30 9 50 99 77 44 66 92 56 73 86 39 35 0 68 5" score=5310.679645963544>
Generation no:4001
Best individual: <Individual chromosome="15 32 94 55 76 95 72 58 37 6 93 12 45 53 71 47 54 3 51 52 11 13 64 62 75 2 40 89 29 17 24 70 46 27 91 98 25 42 4 28 85 80 83 49 90 97 48 65 84 16 78 26 1 23 63 41 61 36 18 22 67 88 38 43 74 7 81 33 87 60 69 82 59 57 8 14 79 20 31 19 96 34 21 10 30 9 50 99 77 44 66 92 56 73 86 39 35 0 68 5" score=5262.836439529243>
Generation no:4201
Best individual: <Individual chromosome="15 32 94 55 76 95 72 58 37 6 93 12 45 53 71 47 54 16 65 52 11 13 64 62 75 2 40 89 29 17 24 70 46 27 91 98 25 42 4 28 85 80 83 49 90 97 48 51 84 3 78 26 1 23 63 41 61 36 18 22 67 88 38 43 74 7 81 33 87 60 69 82 59 57 8 14 79 20 31 19 96 34 21 10 30 9 50 99 77 44 66 92 56 73 86 39 35 0 68 5" score=5257.1048532464465>
Generation no:4401
Best individual: <Individual chromosome="15 32 94 55 76 95 72 58 37 6 93 12 45 53 71 47 54 16 65 52 11 13 64 62 75 2 40 89 29 17 24 70 46 27 91 98 25 42 4 28 85 80 83 49 90 97 48 51 84 3 78 26 1 23 63 41 61 36 18 22 67 88 38 43 74 7 81 33 87 60 69 82 59 57 8 14 79 20 31 19 96 34 21 10 30 9 50 99 77 44 66 92 56 73 86 39 35 0 68 5" score=5257.1048532464465>
Generation no:4601
Best individual: <Individual chromosome="15 32 94 55 76 95 72 58 37 6 93 12 45 53 71 47 54 16 65 52 11 13 64 62 75 2 40 89 29 17 24 70 46 27 91 98 25 42 4 28 85 80 83 49 90 97 48 51 84 3 78 26 1 23 63 41 61 36 18 22 67 88 38 43 74 7 81 33 87 60 69 82 59 57 8 14 79 20 31 19 96 34 21 10 30 9 50 99 77 44 66 92 56 73 86 39 35 0 68 5" score=5257.1048532464465>
Generation no:4801
Best individual: <Individual chromosome="15 32 94 55 76 95 72 58 37 6 93 12 45 53 71 47 54 51 52 11 13 64 62 75 2 40 89 29 17 24 70 46 27 91 98 25 42 4 28 85 80 83 49 90 97 48 65 84 3 78 26 1 23 63 41 61 16 36 18 22 67 88 38 43 74 7 81 33 87 60 69 82 59 57 8 14 79 20 31 19 96 34 21 10 30 9 50 99 77 44 66 92 56 73 86 39 35 0 68 5" score=5221.903141419347>
Generation no:5001
Best individual: <Individual chromosome="15 32 94 55 76 95 72 58 37 6 93 12 45 53 71 47 54 51 52 11 13 64 62 75 2 40 89 29 17 24 70 46 27 91 98 25 42 4 28 85 80 83 49 90 97 48 65 84 3 78 26 1 23 63 41 61 16 36 18 22 67 88 38 43 74 7 81 33 87 60 69 82 59 57 8 14 79 20 31 19 96 34 21 10 30 9 50 99 77 44 66 92 56 73 86 39 35 0 68 5" score=5221.903141419347>
Generation no:5201
Best individual: <Individual chromosome="15 32 94 55 76 95 72 58 37 6 93 12 45 53 71 47 54 51 52 11 13 64 62 75 2 40 89 29 17 24 70 46 27 91 98 25 42 4 28 85 80 83 49 90 97 48 65 84 3 78 26 1 23 63 41 61 16 36 18 22 67 88 38 43 74 7 81 33 87 60 69 82 59 57 8 14 79 20 31 19 96 34 21 10 30 9 50 99 77 44 66 92 56 73 86 39 35 0 68 5" score=5221.903141419347>
Generation no:5401
Best individual: <Individual chromosome="15 32 94 55 76 95 72 58 37 6 93 12 45 53 71 47 54 51 52 11 13 64 62 75 2 40 89 29 17 24 70 46 27 91 98 25 42 4 28 85 80 83 49 90 97 48 65 84 3 78 26 1 23 63 41 61 16 36 18 22 67 88 38 43 74 7 81 33 87 60 69 82 59 57 8 14 79 20 31 19 96 34 21 10 30 9 50 99 77 44 66 92 56 73 86 39 35 0 68 5" score=5221.903141419347>
Generation no:5601
Best individual: <Individual chromosome="15 32 94 55 76 95 72 58 37 6 93 12 45 53 71 47 54 51 52 11 13 64 62 75 2 40 89 29 17 24 70 46 27 91 98 25 42 4 28 85 80 83 49 90 97 48 65 84 3 78 26 1 23 63 41 61 16 36 18 22 67 88 38 43 74 7 81 33 87 60 69 82 59 57 8 14 79 20 31 19 96 34 21 10 30 9 50 99 77 44 66 92 56 73 86 39 35 0 68 5" score=5221.903141419347>
Generation no:5801
Best individual: <Individual chromosome="15 32 94 55 76 95 72 58 37 6 93 12 45 53 71 47 54 51 52 11 13 64 62 75 2 40 89 29 17 24 70 46 27 91 98 25 42 4 28 85 80 83 49 90 97 48 65 84 3 78 26 1 23 63 41 61 16 36 18 22 67 88 38 43 74 7 81 33 87 60 69 82 59 57 8 14 79 20 31 19 96 34 21 10 30 9 50 99 77 44 66 92 56 73 86 39 35 0 68 5" score=5221.903141419347>
Generation no:6001
Best individual: <Individual chromosome="15 32 94 55 76 95 72 58 37 6 93 12 45 53 71 47 54 51 52 11 13 64 62 75 2 40 89 29 17 24 70 46 27 91 98 25 42 4 28 85 80 83 49 90 97 48 65 84 3 78 26 1 23 63 41 61 16 36 18 22 67 88 38 43 74 7 81 33 87 60 69 82 59 57 8 14 79 20 31 19 96 34 21 10 30 9 50 99 77 44 66 92 56 73 86 39 35 0 68 5" score=5221.903141419347>
Generation no:6201
Best individual: <Individual chromosome="15 32 94 55 76 95 72 58 37 6 93 12 45 53 71 47 54 51 52 11 13 64 62 75 2 40 89 29 17 24 70 46 27 91 98 25 42 4 28 85 80 83 49 90 97 48 65 84 3 78 26 1 23 63 41 61 16 36 18 22 67 88 38 43 74 7 81 33 87 60 69 82 59 57 8 14 79 20 31 19 96 34 21 10 30 9 50 99 77 44 66 92 56 73 86 39 35 0 68 5" score=5221.903141419347>
Generation no:6401
Best individual: <Individual chromosome="15 32 94 55 76 95 72 58 37 6 93 12 45 53 71 47 54 51 52 11 13 64 62 75 2 40 89 29 17 24 70 46 27 91 98 25 42 4 28 85 80 83 49 90 97 48 65 84 3 78 26 1 23 63 41 61 16 36 18 22 67 88 38 43 74 7 81 33 87 60 69 82 59 57 8 14 79 20 31 19 96 34 21 10 30 9 50 99 77 44 66 92 56 73 86 39 35 0 68 5" score=5221.903141419347>
Generation no:6601
Best individual: <Individual chromosome="15 32 94 55 76 95 72 58 37 6 93 12 45 53 71 47 54 51 52 11 13 64 62 75 2 40 89 29 17 24 70 46 27 91 98 25 42 4 28 85 80 83 49 90 97 48 65 84 3 78 26 1 23 63 41 61 16 36 18 22 67 88 38 43 74 7 81 33 87 60 69 82 59 57 8 14 79 20 31 19 96 34 21 10 30 9 50 99 77 44 66 92 56 73 86 39 35 0 68 5" score=5221.903141419347>
Generation no:6801
Best individual: <Individual chromosome="15 32 94 55 76 95 72 58 37 6 93 12 45 53 71 47 54 51 52 11 13 64 62 75 2 40 89 29 17 24 70 46 27 91 98 25 42 4 28 85 80 83 49 90 97 48 65 84 3 78 26 1 23 63 41 61 16 36 18 22 67 88 38 43 74 7 81 33 87 60 69 82 59 57 8 14 79 20 31 19 96 34 21 10 30 9 50 99 77 44 66 92 56 73 86 39 35 0 68 5" score=5221.903141419347>
Generation no:7001
Best individual: <Individual chromosome="15 32 94 55 76 95 72 58 37 6 93 12 45 53 71 47 54 51 52 11 13 64 62 75 2 40 89 29 17 24 70 46 27 91 98 25 42 4 28 85 80 83 49 90 97 48 65 84 3 78 26 1 23 63 41 61 16 36 18 22 67 88 38 43 74 7 81 33 87 60 69 82 59 57 8 14 79 20 31 19 96 34 21 10 30 9 50 99 77 44 66 92 56 73 86 39 35 0 68 5" score=5221.903141419347>
Generation no:7201
Best individual: <Individual chromosome="15 32 94 55 76 95 72 58 37 6 93 12 45 53 71 47 3 51 52 11 13 64 62 75 2 40 89 29 17 24 70 46 27 91 98 25 42 4 28 85 80 83 49 90 97 48 65 84 54 16 78 26 1 23 63 41 61 36 18 22 67 88 38 43 74 7 81 33 87 60 69 82 59 57 8 14 79 20 31 19 96 34 21 10 30 9 50 99 77 44 66 92 56 73 86 39 35 0 68 5" score=5178.909575101512>
Generation no:7401
Best individual: <Individual chromosome="15 32 94 55 76 95 72 58 37 6 93 12 45 53 71 47 3 51 52 11 13 64 62 75 2 40 89 29 17 24 70 46 27 91 98 25 42 4 28 85 80 83 49 90 97 48 65 84 54 16 78 26 1 23 63 41 61 36 18 22 67 88 38 43 74 7 81 33 87 60 69 82 59 57 8 14 79 20 31 19 96 34 21 10 30 9 50 99 77 44 66 92 56 73 86 39 35 0 68 5" score=5178.909575101512>
Generation no:7601
Best individual: <Individual chromosome="15 32 94 55 76 95 72 58 37 6 93 12 45 53 71 47 3 51 52 11 13 64 62 75 2 40 89 29 17 24 70 46 27 91 98 25 42 4 28 85 80 83 49 90 97 48 65 84 54 16 26 78 1 23 63 41 61 36 18 22 67 88 38 43 74 57 7 81 33 87 60 69 82 59 8 14 79 20 31 19 96 34 21 10 30 9 50 99 77 44 66 92 56 73 86 39 35 0 68 5" score=5136.789176077654>
Generation no:7801
Best individual: <Individual chromosome="15 32 94 55 76 95 72 58 37 6 93 12 45 53 71 47 65 3 51 52 11 13 64 62 75 2 40 89 29 17 24 70 46 27 91 98 25 42 4 28 85 80 83 49 90 97 48 84 54 16 26 78 1 23 63 41 61 36 18 22 67 88 38 43 74 57 7 81 33 87 60 69 82 59 8 14 79 20 31 19 96 34 21 10 30 9 50 99 77 44 66 92 56 73 86 39 35 0 68 5" score=5102.019686334159>
Generation no:8001
Best individual: <Individual chromosome="15 32 94 55 76 95 72 58 37 6 93 12 45 53 71 47 65 3 51 52 11 13 64 62 75 2 40 89 29 17 24 70 46 27 91 98 25 42 4 28 85 80 83 49 90 97 48 84 54 16 26 78 1 23 63 41 61 36 18 22 67 88 38 43 74 57 7 81 33 87 60 69 82 59 8 14 79 20 31 19 96 34 21 10 30 9 50 99 77 44 66 92 56 73 86 39 35 0 68 5" score=5102.019686334159>
Generation no:8201
Best individual: <Individual chromosome="15 32 94 55 76 95 72 58 37 6 93 12 45 53 71 47 65 52 11 13 64 62 75 2 40 89 29 17 24 70 46 27 91 98 25 42 4 28 85 80 83 49 90 97 3 48 51 84 54 16 26 78 1 23 63 41 61 36 18 22 67 88 38 43 74 57 7 81 33 87 60 69 82 59 8 14 79 20 31 19 96 34 21 10 30 9 50 99 77 44 66 92 56 73 86 39 35 0 68 5" score=5028.87675614552>
Generation no:8401
Best individual: <Individual chromosome="15 32 94 55 76 95 72 58 37 6 93 12 45 53 71 47 52 11 13 64 62 75 2 40 89 29 17 24 70 46 27 91 98 25 42 4 28 85 80 83 49 90 97 3 51 48 65 84 54 16 26 78 1 63 41 61 36 18 22 67 88 23 38 43 74 57 7 81 33 87 60 69 82 59 8 14 79 20 31 19 96 34 21 10 30 9 50 99 77 44 66 92 56 73 86 39 35 0 68 5" score=4885.555622282164>
Generation no:8601
Best individual: <Individual chromosome="15 32 94 55 76 95 72 58 37 6 93 12 45 53 71 47 52 11 13 64 62 75 2 40 89 29 17 24 70 46 27 91 98 25 42 4 28 85 80 83 49 90 97 3 51 48 65 84 54 16 26 78 1 63 41 61 36 18 22 67 88 23 38 43 74 57 7 81 33 87 60 69 82 59 8 14 79 31 19 96 34 21 10 30 9 50 99 77 44 66 92 56 73 86 39 35 0 5 68 20" score=4882.786320800116>
Generation no:8801
Best individual: <Individual chromosome="15 32 94 55 76 95 72 58 37 6 93 12 45 53 71 47 52 11 13 64 62 75 2 40 89 29 17 24 70 46 27 91 98 25 42 4 28 85 80 83 49 90 97 3 51 48 65 84 54 16 26 78 1 63 41 61 36 18 22 67 88 23 38 43 74 57 7 81 33 87 60 69 82 59 8 14 79 31 19 96 34 21 10 30 9 50 99 77 44 66 92 56 73 86 39 35 0 5 68 20" score=4882.786320800116>
Generation no:9001
Best individual: <Individual chromosome="15 32 94 55 76 95 72 58 37 6 93 12 45 53 71 47 52 11 13 64 62 75 2 40 89 29 17 24 70 46 27 91 98 25 42 4 28 85 80 83 49 90 97 3 51 48 65 84 54 16 26 78 1 63 41 61 36 18 22 67 88 23 38 43 74 57 7 81 33 87 60 69 82 59 8 14 79 31 19 96 34 21 10 30 9 50 99 77 44 66 92 56 73 86 39 35 0 5 68 20" score=4882.786320800116>
Generation no:9201
Best individual: <Individual chromosome="15 32 94 55 76 95 72 58 37 6 93 12 45 53 71 47 52 11 13 64 62 75 2 40 89 29 17 24 70 46 27 91 98 25 42 4 28 85 80 83 49 90 97 3 51 48 65 84 54 16 26 78 1 63 41 61 36 18 22 67 88 23 38 43 74 57 7 81 33 87 60 69 82 59 8 14 79 31 19 96 34 21 10 30 9 50 99 77 44 66 92 56 73 86 39 35 0 5 68 20" score=4882.786320800116>
Generation no:9401
Best individual: <Individual chromosome="15 32 94 55 76 95 72 58 37 6 93 12 45 53 71 47 52 11 13 64 62 75 2 40 89 29 17 24 70 46 27 91 98 25 42 4 28 85 80 83 49 90 97 3 51 48 65 84 54 16 26 78 1 63 41 61 36 18 22 67 88 23 38 43 74 57 7 81 33 87 60 69 82 59 8 14 79 31 19 96 34 21 10 30 9 50 99 77 44 66 92 56 73 86 39 35 0 5 68 20" score=4882.786320800116>
Generation no:9601
Best individual: <Individual chromosome="15 32 94 55 76 95 72 58 37 6 93 12 45 53 71 47 52 11 13 64 62 75 2 40 89 29 17 24 70 46 27 91 98 25 42 4 28 85 80 83 49 90 97 3 51 48 65 84 54 16 26 78 1 63 41 61 36 18 22 67 88 23 38 43 74 57 7 81 33 87 60 69 82 59 8 14 79 31 19 96 34 21 10 30 9 50 99 77 44 66 92 56 73 86 39 35 0 5 68 20" score=4882.786320800116>
Generation no:9801
Best individual: <Individual chromosome="15 32 94 55 76 95 72 58 37 6 93 12 45 53 71 47 52 11 13 64 62 75 2 40 89 29 17 24 70 46 27 91 98 25 42 4 28 85 80 83 49 90 97 3 51 48 65 84 54 16 26 78 1 63 41 61 36 18 22 67 88 23 38 43 74 57 7 81 33 87 60 69 82 59 8 14 79 31 19 96 34 21 10 30 9 50 99 77 44 66 92 56 73 86 39 35 0 5 68 20" score=4882.786320800116>
..................Result.........................
<Individual chromosome="15 32 94 55 76 95 72 58 37 6 93 12 45 53 71 47 52 11 13 64 62 75 2 40 89 29 17 24 70 46 27 91 98 25 42 4 28 85 80 83 49 90 97 3 51 48 65 84 54 16 26 78 1 63 41 61 36 18 22 67 88 23 38 43 74 57 7 81 33 87 60 69 82 59 8 14 79 31 19 96 34 21 10 30 9 50 99 77 44 66 92 56 73 86 39 35 0 5 68 20" score=4882.786320800116>
The plot was saved into the TSPresult_GA_crossover_run_1.png file.

AVERAGE ON RUNS =%.02f 4769.171421161604
..................End.........................
