..................Start.........................
birthrate = 0.4 operator = crossover
Run: 0
The plot was saved into the TSPstart_GA_mutate_whole.png file.
Generation no:1
Best individual: <Individual chromosome="94 75 84 48 15 55 49 1 36 13 9 70 86 79 62 19 30 65 24 23 12 33 14 74 2 52 63 8 35 58 76 17 42 28 31 56 72 22 99 20 60 29 61 34 77 44 85 73 25 81 66 69 43 57 40 3 88 18 80 26 4 98 5 87 37 93 82 54 39 53 6 45 67 7 11 27 50 68 0 38 51 78 97 32 71 64 16 96 21 59 92 95 41 90 47 91 46 89 10 83" score=23316.245982796358>
Generation no:201
Best individual: <Individual chromosome="18 36 10 87 70 17 54 23 38 5 77 82 49 58 64 75 11 69 81 33 65 85 6 93 89 44 35 86 46 73 59 83 34 61 21 19 0 76 2 12 32 53 48 30 56 28 62 14 74 43 50 79 20 60 66 42 84 16 24 80 90 67 31 99 92 57 25 29 91 97 52 37 95 51 26 78 41 68 96 9 45 72 55 15 47 1 63 94 88 7 27 8 3 71 4 13 98 40 39 22" score=18292.03832384402>
Generation no:401
Best individual: <Individual chromosome="92 5 61 38 68 39 35 47 80 12 17 29 89 40 51 65 57 82 28 75 62 16 48 84 86 0 60 66 77 63 46 88 8 49 83 32 42 25 24 70 72 58 41 18 23 69 7 13 55 45 6 37 10 64 95 15 36 26 43 22 21 30 33 4 34 1 67 90 97 52 94 71 96 76 53 31 19 85 78 14 3 54 59 20 11 2 93 91 27 79 56 73 87 81 99 44 98 74 50 9" score=17467.75351540437>
Generation no:601
Best individual: <Individual chromosome="53 6 71 52 72 55 37 45 80 51 47 64 56 20 34 30 73 22 26 83 46 70 60 89 24 29 91 2 28 57 42 93 75 74 98 25 32 31 68 35 39 87 76 95 8 9 1 41 94 12 13 48 65 23 14 21 97 84 67 3 4 79 81 69 92 82 99 27 40 77 63 10 36 18 88 86 11 7 5 96 85 38 61 19 54 50 62 49 78 16 59 43 33 44 66 0 17 58 90 15" score=17102.75795798422>
Generation no:801
Best individual: <Individual chromosome="53 6 71 52 72 55 37 45 80 51 47 64 56 20 34 30 73 22 26 83 46 70 60 89 24 29 91 2 28 57 42 93 75 74 98 25 32 31 68 35 39 87 76 95 8 9 1 41 94 12 13 48 65 23 14 21 97 84 67 3 4 79 81 69 92 82 99 27 40 77 63 10 36 18 88 86 11 7 5 96 85 38 61 19 54 50 62 49 78 16 59 43 33 44 66 0 17 58 90 15" score=17102.75795798422>
Generation no:1001
Best individual: <Individual chromosome="53 6 71 52 72 55 37 45 80 51 47 64 56 20 34 30 73 22 26 83 46 70 60 89 24 29 91 2 28 57 42 93 75 74 98 25 32 31 68 35 39 87 76 95 8 9 1 41 94 12 13 48 65 23 14 21 97 84 67 3 4 79 81 69 92 82 99 27 40 77 63 10 36 18 88 86 11 7 5 96 85 38 61 19 54 50 62 49 78 16 59 43 33 44 66 0 17 58 90 15" score=17102.75795798422>
Generation no:1201
Best individual: <Individual chromosome="53 6 71 52 72 55 37 45 80 51 47 64 56 20 34 30 73 22 26 83 46 70 60 89 24 29 91 2 28 57 42 93 75 74 98 25 32 31 68 35 39 87 76 95 8 9 1 41 94 12 13 48 65 23 14 21 97 84 67 3 4 79 81 69 92 82 99 27 40 77 63 10 36 18 88 86 11 7 5 96 85 38 61 19 54 50 62 49 78 16 59 43 33 44 66 0 17 58 90 15" score=17102.75795798422>
Generation no:1401
Best individual: <Individual chromosome="80 93 95 71 6 14 7 51 78 42 40 27 89 24 62 53 91 2 90 58 13 43 31 70 25 17 98 54 45 74 18 67 84 16 65 94 52 11 41 26 97 76 32 48 4 12 15 3 23 83 59 46 72 55 75 64 47 57 33 37 29 85 34 39 88 10 22 56 38 87 77 81 5 35 99 8 79 44 86 73 92 19 60 0 68 9 96 30 50 21 36 61 49 28 20 82 66 69 1 63" score=16180.985231448889>
Generation no:1601
Best individual: <Individual chromosome="45 6 37 32 48 90 16 23 94 71 3 84 41 65 54 26 51 52 98 49 11 15 53 1 36 22 55 2 75 95 72 64 58 12 13 43 63 61 76 93 91 85 27 89 17 33 83 47 97 73 34 62 40 25 29 46 70 24 74 28 38 42 81 59 4 88 18 57 30 20 99 14 82 44 19 67 60 77 69 68 31 7 9 80 8 96 87 66 92 5 79 50 39 56 86 0 35 10 21 78" score=14309.393287676125>
Generation no:1801
Best individual: <Individual chromosome="13 37 95 58 94 15 76 72 53 32 65 97 48 41 64 45 6 12 80 54 71 47 74 62 93 2 27 24 33 70 17 46 91 11 51 3 23 98 40 89 29 25 55 83 4 52 28 85 84 18 22 49 43 78 90 63 61 16 26 1 75 73 21 88 59 14 5 38 81 67 9 34 10 96 8 19 86 44 79 50 20 92 60 7 57 42 31 69 99 30 82 87 66 68 77 35 39 56 0 36" score=12475.266447635953>
Generation no:2001
Best individual: <Individual chromosome="95 76 72 37 45 6 12 55 2 29 24 70 17 91 25 40 98 89 27 46 80 62 52 94 32 58 4 85 28 75 93 13 53 15 64 90 23 3 51 49 48 1 83 54 84 97 65 63 26 78 61 34 22 18 16 41 36 88 67 8 99 74 71 47 11 59 38 10 39 33 30 96 14 79 7 82 77 21 86 50 87 66 56 19 0 9 73 20 68 57 69 5 60 31 35 44 92 43 81 42" score=11514.498632995635>
Generation no:2201
Best individual: <Individual chromosome="17 91 24 29 2 52 94 55 45 15 32 95 76 58 72 6 93 85 13 75 64 42 25 40 98 27 12 11 53 4 83 89 37 34 80 62 47 1 71 65 84 51 26 48 3 28 54 16 61 90 97 63 41 23 36 78 43 8 74 67 18 22 88 96 14 21 10 38 50 20 7 9 79 19 86 35 56 92 81 59 44 5 31 30 77 87 68 0 39 73 99 49 57 66 60 82 69 33 70 46" score=11163.627820208567>
Generation no:2401
Best individual: <Individual chromosome="17 91 24 29 2 52 94 55 45 15 32 95 76 58 72 6 93 85 13 75 64 42 25 40 98 27 12 11 53 4 83 89 37 34 80 62 47 1 71 65 84 51 26 48 3 28 54 16 61 90 97 63 41 23 36 78 43 8 74 67 18 22 88 96 14 21 10 38 50 20 7 9 79 19 86 35 56 92 81 59 44 5 31 30 77 87 68 0 39 73 99 49 57 66 60 82 69 33 70 46" score=11163.627820208567>
Generation no:2601
Best individual: <Individual chromosome="17 91 24 29 2 52 94 55 45 15 32 95 76 58 72 6 93 85 13 75 64 42 25 40 98 27 12 11 53 4 83 89 37 34 80 62 47 1 71 65 84 51 26 48 3 28 54 16 61 90 97 63 41 23 36 78 43 8 74 67 18 22 88 96 14 21 10 38 50 20 7 9 79 19 86 35 56 92 81 59 44 5 31 30 77 87 68 0 39 73 99 49 57 66 60 82 69 33 70 46" score=11163.627820208567>
Generation no:2801
Best individual: <Individual chromosome="17 91 24 29 2 52 94 55 45 15 32 95 76 58 72 6 93 85 13 75 64 42 25 40 98 27 12 11 53 4 83 89 37 34 80 62 47 1 71 65 84 51 26 48 3 28 54 16 61 90 97 63 41 23 36 78 43 8 74 67 18 22 88 96 14 21 10 38 50 20 7 9 79 19 86 35 56 92 81 59 44 5 31 30 77 87 68 0 39 73 99 49 57 66 60 82 69 33 70 46" score=11163.627820208567>
Generation no:3001
Best individual: <Individual chromosome="17 91 24 29 2 52 94 55 45 15 32 95 76 58 72 6 93 85 13 75 64 42 25 40 98 27 12 11 53 4 83 89 37 34 80 62 47 1 71 65 84 51 26 48 3 28 54 16 61 90 97 63 41 23 36 78 43 8 74 67 18 22 88 96 14 21 10 38 50 20 7 9 79 19 86 35 56 92 81 59 44 5 31 30 77 87 68 0 39 73 99 49 57 66 60 82 69 33 70 46" score=11163.627820208567>
Generation no:3201
Best individual: <Individual chromosome="55 72 58 76 45 71 93 95 53 75 2 64 11 52 97 61 41 26 51 3 84 78 54 16 90 65 1 62 6 37 13 47 32 15 94 83 80 89 29 17 40 91 28 4 42 12 98 27 24 70 33 7 46 43 63 48 25 57 81 87 82 74 85 49 8 38 14 36 22 5 23 31 18 66 77 60 69 96 67 34 21 19 86 68 50 88 79 9 20 59 99 73 10 30 35 0 39 56 44 92" score=11059.542269141926>
Generation no:3401
Best individual: <Individual chromosome="55 72 58 76 45 71 93 95 53 75 2 64 11 52 97 61 41 26 51 3 84 78 54 16 90 65 1 62 6 37 13 47 32 15 94 83 80 89 29 17 40 91 28 4 42 12 98 27 24 70 33 7 46 43 63 48 25 57 81 87 82 74 85 49 8 38 14 36 22 5 23 31 18 66 77 60 69 96 67 34 21 19 86 68 50 88 79 9 20 59 99 73 10 30 35 0 39 56 44 92" score=11059.542269141926>
Generation no:3601
Best individual: <Individual chromosome="55 72 58 76 45 71 93 95 53 75 2 64 11 52 97 61 41 26 51 3 84 78 54 16 90 65 1 62 6 37 13 47 32 15 94 83 80 89 29 17 40 91 28 4 42 12 98 27 24 70 33 7 46 43 63 48 25 57 81 87 82 74 85 49 8 38 14 36 22 5 23 31 18 66 77 60 69 96 67 34 21 19 86 68 50 88 79 9 20 59 99 73 10 30 35 0 39 56 44 92" score=11059.542269141926>
Generation no:3801
Best individual: <Individual chromosome="17 29 91 24 27 70 98 89 25 13 76 6 37 2 42 12 80 85 28 40 46 33 93 4 75 62 64 72 45 58 15 95 32 94 47 65 71 55 53 52 48 84 7 11 83 87 3 26 41 78 51 97 16 61 1 90 63 23 22 88 34 74 38 49 36 21 67 8 54 18 43 96 79 9 10 14 31 20 81 59 19 57 50 69 66 99 77 44 60 68 5 0 56 30 82 73 86 39 35 92" score=10409.527693400112>
Generation no:4001
Best individual: <Individual chromosome="89 29 24 70 17 91 27 98 40 46 33 13 64 93 76 6 25 2 85 28 42 72 12 45 58 95 55 15 32 53 80 75 71 4 37 94 47 11 52 48 84 3 16 41 65 26 54 97 51 90 78 1 63 36 61 88 62 83 34 8 74 49 23 43 57 67 22 18 21 38 9 14 30 96 19 10 87 69 31 20 82 7 81 59 79 99 50 56 35 77 86 68 44 73 0 39 5 92 66 60" score=9717.39949990304>
Generation no:4201
Best individual: <Individual chromosome="89 29 24 70 17 91 27 98 40 46 33 13 64 93 76 6 25 2 85 28 42 72 12 45 58 95 55 15 32 53 80 75 71 4 37 94 47 11 52 48 84 3 16 41 65 26 54 97 51 90 78 1 63 36 61 88 62 83 34 8 74 49 23 43 57 67 22 18 21 38 9 14 30 96 19 10 87 69 31 20 82 7 81 59 79 99 50 56 35 77 86 68 44 73 0 39 5 92 66 60" score=9717.39949990304>
Generation no:4401
Best individual: <Individual chromosome="89 29 24 70 17 91 27 98 40 46 33 13 64 93 76 6 25 2 85 28 42 72 12 45 58 95 55 15 32 53 80 75 71 4 37 94 47 11 52 48 84 3 16 41 65 26 54 97 51 90 78 1 63 36 61 88 62 83 34 8 74 49 23 43 57 67 22 18 21 38 9 14 30 96 19 10 87 69 31 20 82 7 81 59 79 99 50 56 35 77 86 68 44 73 0 39 5 92 66 60" score=9717.39949990304>
Generation no:4601
Best individual: <Individual chromosome="89 29 24 70 17 91 27 98 40 46 33 13 64 93 76 6 25 2 85 28 42 72 12 45 58 95 55 15 32 53 80 75 71 4 37 94 47 11 52 48 84 3 16 41 65 26 54 97 51 90 78 1 63 36 61 88 62 83 34 8 74 49 23 43 57 67 22 18 21 38 9 14 30 96 19 10 87 69 31 20 82 7 81 59 79 99 50 56 35 77 86 68 44 73 0 39 5 92 66 60" score=9717.39949990304>
Generation no:4801
Best individual: <Individual chromosome="89 29 24 70 17 91 27 98 40 46 33 13 64 93 76 6 25 2 85 28 42 72 12 45 58 95 55 15 32 53 80 75 71 4 37 94 47 11 52 48 84 3 16 41 65 26 54 97 51 90 78 1 63 36 61 88 62 83 34 8 74 49 23 43 57 67 22 18 21 38 9 14 30 96 19 10 87 69 31 20 82 7 81 59 79 99 50 56 35 77 86 68 44 73 0 39 5 92 66 60" score=9717.39949990304>
Generation no:5001
Best individual: <Individual chromosome="89 29 24 70 17 91 27 98 40 46 33 13 64 93 76 6 25 2 85 28 42 72 12 45 58 95 55 15 32 53 80 75 71 4 37 94 47 11 52 48 84 3 16 41 65 26 54 97 51 90 78 1 63 36 61 88 62 83 34 8 74 49 23 43 57 67 22 18 21 38 9 14 30 96 19 10 87 69 31 20 82 7 81 59 79 99 50 56 35 77 86 68 44 73 0 39 5 92 66 60" score=9717.39949990304>
Generation no:5201
Best individual: <Individual chromosome="89 29 24 70 17 91 27 98 40 46 33 13 64 93 76 6 25 2 85 28 42 72 12 45 58 95 55 15 32 53 80 75 71 4 37 94 47 11 52 48 84 3 16 41 65 26 54 97 51 90 78 1 63 36 61 88 62 83 34 8 74 49 23 43 57 67 22 18 21 38 9 14 30 96 19 10 87 69 31 20 82 7 81 59 79 99 50 56 35 77 86 68 44 73 0 39 5 92 66 60" score=9717.39949990304>
Generation no:5401
Best individual: <Individual chromosome="89 29 24 70 17 91 27 98 40 46 33 13 64 93 76 6 25 2 85 28 42 72 12 45 58 95 55 15 32 53 80 75 71 4 37 94 47 11 52 48 84 3 16 41 65 26 54 97 51 90 78 1 63 36 61 88 62 83 34 8 74 49 23 43 57 67 22 18 21 38 9 14 30 96 19 10 87 69 31 20 82 7 81 59 79 99 50 56 35 77 86 68 44 73 0 39 5 92 66 60" score=9717.39949990304>
Generation no:5601
Best individual: <Individual chromosome="89 29 24 70 17 91 27 98 40 46 33 13 64 93 76 6 25 2 85 28 42 72 12 45 58 95 55 15 32 53 80 75 71 4 37 94 47 11 52 48 84 3 16 41 65 26 54 97 51 90 78 1 63 36 61 88 62 83 34 8 74 49 23 43 57 67 22 18 21 38 9 14 30 96 19 10 87 69 31 20 82 7 81 59 79 99 50 56 35 77 86 68 44 73 0 39 5 92 66 60" score=9717.39949990304>
Generation no:5801
Best individual: <Individual chromosome="89 29 24 70 17 91 27 98 40 46 33 13 64 93 76 6 25 2 85 28 42 72 12 45 58 95 55 15 32 53 80 75 71 4 37 94 47 11 52 48 84 3 16 41 65 26 54 97 51 90 78 1 63 36 61 88 62 83 34 8 74 49 23 43 57 67 22 18 21 38 9 14 30 96 19 10 87 69 31 20 82 7 81 59 79 99 50 56 35 77 86 68 44 73 0 39 5 92 66 60" score=9717.39949990304>
Generation no:6001
Best individual: <Individual chromosome="89 29 24 70 17 91 27 98 40 46 33 13 64 93 76 6 25 2 85 28 42 72 12 45 58 95 55 15 32 53 80 75 71 4 37 94 47 11 52 48 84 3 16 41 65 26 54 97 51 90 78 1 63 36 61 88 62 83 34 8 74 49 23 43 57 67 22 18 21 38 9 14 30 96 19 10 87 69 31 20 82 7 81 59 79 99 50 56 35 77 86 68 44 73 0 39 5 92 66 60" score=9717.39949990304>
Generation no:6201
Best individual: <Individual chromosome="89 29 24 70 17 91 27 98 40 46 33 13 64 93 76 6 25 2 85 28 42 72 12 45 58 95 55 15 32 53 80 75 71 4 37 94 47 11 52 48 84 3 16 41 65 26 54 97 51 90 78 1 63 36 61 88 62 83 34 8 74 49 23 43 57 67 22 18 21 38 9 14 30 96 19 10 87 69 31 20 82 7 81 59 79 99 50 56 35 77 86 68 44 73 0 39 5 92 66 60" score=9717.39949990304>
Generation no:6401
Best individual: <Individual chromosome="89 29 24 70 17 91 27 98 40 46 33 13 64 93 76 6 25 2 85 28 42 72 12 45 58 95 55 15 32 53 80 75 71 4 37 94 47 11 52 48 84 3 16 41 65 26 54 97 51 90 78 1 63 36 61 88 62 83 34 8 74 49 23 43 57 67 22 18 21 38 9 14 30 96 19 10 87 69 31 20 82 7 81 59 79 99 50 56 35 77 86 68 44 73 0 39 5 92 66 60" score=9717.39949990304>
Generation no:6601
Best individual: <Individual chromosome="89 29 24 70 17 91 27 98 40 46 33 13 64 93 76 6 25 2 85 28 42 72 12 45 58 95 55 15 32 53 80 75 71 4 37 94 47 11 52 48 84 3 16 41 65 26 54 97 51 90 78 1 63 36 61 88 62 83 34 8 74 49 23 43 57 67 22 18 21 38 9 14 30 96 19 10 87 69 31 20 82 7 81 59 79 99 50 56 35 77 86 68 44 73 0 39 5 92 66 60" score=9717.39949990304>
Generation no:6801
Best individual: <Individual chromosome="89 29 24 70 17 91 27 98 40 46 33 13 64 93 76 6 25 2 85 28 42 72 12 45 58 95 55 15 32 53 80 75 71 4 37 94 47 11 52 48 84 3 16 41 65 26 54 97 51 90 78 1 63 36 61 88 62 83 34 8 74 49 23 43 57 67 22 18 21 38 9 14 30 96 19 10 87 69 31 20 82 7 81 59 79 99 50 56 35 77 86 68 44 73 0 39 5 92 66 60" score=9717.39949990304>
Generation no:7001
Best individual: <Individual chromosome="89 29 24 70 17 91 27 98 40 46 33 13 64 93 76 6 25 2 85 28 42 72 12 45 58 95 55 15 32 53 80 75 71 4 37 94 47 11 52 48 84 3 16 41 65 26 54 97 51 90 78 1 63 36 61 88 62 83 34 8 74 49 23 43 57 67 22 18 21 38 9 14 30 96 19 10 87 69 31 20 82 7 81 59 79 99 50 56 35 77 86 68 44 73 0 39 5 92 66 60" score=9717.39949990304>
Generation no:7201
Best individual: <Individual chromosome="89 29 24 70 17 91 27 98 40 46 33 13 64 93 76 6 25 2 85 28 42 72 12 45 58 95 55 15 32 53 80 75 71 4 37 94 47 11 52 48 84 3 16 41 65 26 54 97 51 90 78 1 63 36 61 88 62 83 34 8 74 49 23 43 57 67 22 18 21 38 9 14 30 96 19 10 87 69 31 20 82 7 81 59 79 99 50 56 35 77 86 68 44 73 0 39 5 92 66 60" score=9717.39949990304>
Generation no:7401
Best individual: <Individual chromosome="89 29 24 70 17 91 27 98 40 46 33 13 64 93 76 6 25 2 85 28 42 72 12 45 58 95 55 15 32 53 80 75 71 4 37 94 47 11 52 48 84 3 16 41 65 26 54 97 51 90 78 1 63 36 61 88 62 83 34 8 74 49 23 43 57 67 22 18 21 38 9 14 30 96 19 10 87 69 31 20 82 7 81 59 79 99 50 56 35 77 86 68 44 73 0 39 5 92 66 60" score=9717.39949990304>
Generation no:7601
Best individual: <Individual chromosome="89 29 24 70 17 91 27 98 40 46 33 13 64 93 76 6 25 2 85 28 42 72 12 45 58 95 55 15 32 53 80 75 71 4 37 94 47 11 52 48 84 3 16 41 65 26 54 97 51 90 78 1 63 36 61 88 62 83 34 8 74 49 23 43 57 67 22 18 21 38 9 14 30 96 19 10 87 69 31 20 82 7 81 59 79 99 50 56 35 77 86 68 44 73 0 39 5 92 66 60" score=9717.39949990304>
Generation no:7801
Best individual: <Individual chromosome="89 29 24 70 17 91 27 98 40 46 33 13 64 93 76 6 25 2 85 28 42 72 12 45 58 95 55 15 32 53 80 75 71 4 37 94 47 11 52 48 84 3 16 41 65 26 54 97 51 90 78 1 63 36 61 88 62 83 34 8 74 49 23 43 57 67 22 18 21 38 9 14 30 96 19 10 87 69 31 20 82 7 81 59 79 99 50 56 35 77 86 68 44 73 0 39 5 92 66 60" score=9717.39949990304>
Generation no:8001
Best individual: <Individual chromosome="89 29 24 70 17 91 27 98 40 46 33 13 64 93 76 6 25 2 85 28 42 72 12 45 58 95 55 15 32 53 80 75 71 4 37 94 47 11 52 48 84 3 16 41 65 26 54 97 51 90 78 1 63 36 61 88 62 83 34 8 74 49 23 43 57 67 22 18 21 38 9 14 30 96 19 10 87 69 31 20 82 7 81 59 79 99 50 56 35 77 86 68 44 73 0 39 5 92 66 60" score=9717.39949990304>
Generation no:8201
Best individual: <Individual chromosome="89 29 24 70 17 91 27 98 40 46 33 13 64 93 76 6 25 2 85 28 42 72 12 45 58 95 55 15 32 53 80 75 71 4 37 94 47 11 52 48 84 3 16 41 65 26 54 97 51 90 78 1 63 36 61 88 62 83 34 8 74 49 23 43 57 67 22 18 21 38 9 14 30 96 19 10 87 69 31 20 82 7 81 59 79 99 50 56 35 77 86 68 44 73 0 39 5 92 66 60" score=9717.39949990304>
Generation no:8401
Best individual: <Individual chromosome="89 29 24 70 17 91 27 98 40 46 33 13 64 93 76 6 25 2 85 28 42 72 12 45 58 95 55 15 32 53 80 75 71 4 37 94 47 11 52 48 84 3 16 41 65 26 54 97 51 90 78 1 63 36 61 88 62 83 34 8 74 49 23 43 57 67 22 18 21 38 9 14 30 96 19 10 87 69 31 20 82 7 81 59 79 99 50 56 35 77 86 68 44 73 0 39 5 92 66 60" score=9717.39949990304>
Generation no:8601
Best individual: <Individual chromosome="89 29 24 70 17 91 27 98 40 46 33 13 64 93 76 6 25 2 85 28 42 72 12 45 58 95 55 15 32 53 80 75 71 4 37 94 47 11 52 48 84 3 16 41 65 26 54 97 51 90 78 1 63 36 61 88 62 83 34 8 74 49 23 43 57 67 22 18 21 38 9 14 30 96 19 10 87 69 31 20 82 7 81 59 79 99 50 56 35 77 86 68 44 73 0 39 5 92 66 60" score=9717.39949990304>
Generation no:8801
Best individual: <Individual chromosome="89 29 24 70 17 91 27 98 40 46 33 13 64 93 76 6 25 2 85 28 42 72 12 45 58 95 55 15 32 53 80 75 71 4 37 94 47 11 52 48 84 3 16 41 65 26 54 97 51 90 78 1 63 36 61 88 62 83 34 8 74 49 23 43 57 67 22 18 21 38 9 14 30 96 19 10 87 69 31 20 82 7 81 59 79 99 50 56 35 77 86 68 44 73 0 39 5 92 66 60" score=9717.39949990304>
Generation no:9001
Best individual: <Individual chromosome="89 29 24 70 17 91 27 98 40 46 33 13 64 93 76 6 25 2 85 28 42 72 12 45 58 95 55 15 32 53 80 75 71 4 37 94 47 11 52 48 84 3 16 41 65 26 54 97 51 90 78 1 63 36 61 88 62 83 34 8 74 49 23 43 57 67 22 18 21 38 9 14 30 96 19 10 87 69 31 20 82 7 81 59 79 99 50 56 35 77 86 68 44 73 0 39 5 92 66 60" score=9717.39949990304>
Generation no:9201
Best individual: <Individual chromosome="89 29 24 70 17 91 27 98 40 46 33 13 64 93 76 6 25 2 85 28 42 72 12 45 58 95 55 15 32 53 80 75 71 4 37 94 47 11 52 48 84 3 16 41 65 26 54 97 51 90 78 1 63 36 61 88 62 83 34 8 74 49 23 43 57 67 22 18 21 38 9 14 30 96 19 10 87 69 31 20 82 7 81 59 79 99 50 56 35 77 86 68 44 73 0 39 5 92 66 60" score=9717.39949990304>
Generation no:9401
Best individual: <Individual chromosome="89 29 24 70 17 91 27 98 40 46 33 13 64 93 76 6 25 2 85 28 42 72 12 45 58 95 55 15 32 53 80 75 71 4 37 94 47 11 52 48 84 3 16 41 65 26 54 97 51 90 78 1 63 36 61 88 62 83 34 8 74 49 23 43 57 67 22 18 21 38 9 14 30 96 19 10 87 69 31 20 82 7 81 59 79 99 50 56 35 77 86 68 44 73 0 39 5 92 66 60" score=9717.39949990304>
Generation no:9601
Best individual: <Individual chromosome="89 29 24 70 17 91 27 98 40 46 33 13 64 93 76 6 25 2 85 28 42 72 12 45 58 95 55 15 32 53 80 75 71 4 37 94 47 11 52 48 84 3 16 41 65 26 54 97 51 90 78 1 63 36 61 88 62 83 34 8 74 49 23 43 57 67 22 18 21 38 9 14 30 96 19 10 87 69 31 20 82 7 81 59 79 99 50 56 35 77 86 68 44 73 0 39 5 92 66 60" score=9717.39949990304>
Generation no:9801
Best individual: <Individual chromosome="89 29 24 70 17 91 27 98 40 46 33 13 64 93 76 6 25 2 85 28 42 72 12 45 58 95 55 15 32 53 80 75 71 4 37 94 47 11 52 48 84 3 16 41 65 26 54 97 51 90 78 1 63 36 61 88 62 83 34 8 74 49 23 43 57 67 22 18 21 38 9 14 30 96 19 10 87 69 31 20 82 7 81 59 79 99 50 56 35 77 86 68 44 73 0 39 5 92 66 60" score=9717.39949990304>
..................Result.........................
<Individual chromosome="89 29 24 70 17 91 27 98 40 46 33 13 64 93 76 6 25 2 85 28 42 72 12 45 58 95 55 15 32 53 80 75 71 4 37 94 47 11 52 48 84 3 16 41 65 26 54 97 51 90 78 1 63 36 61 88 62 83 34 8 74 49 23 43 57 67 22 18 21 38 9 14 30 96 19 10 87 69 31 20 82 7 81 59 79 99 50 56 35 77 86 68 44 73 0 39 5 92 66 60" score=9717.39949990304>
The plot was saved into the TSPresult_GA_crossover_run_0.png file.

Run: 1
The plot was saved into the TSPstart_GA_mutate_whole.png file.
Generation no:1
Best individual: <Individual chromosome="77 82 40 98 13 52 8 23 22 70 48 61 43 5 39 32 90 35 93 46 28 81 30 57 94 55 17 72 68 50 11 29 33 6 76 37 49 87 38 74 56 65 47 44 89 75 45 71 91 99 16 97 67 53 62 12 51 79 86 1 78 69 24 7 42 36 18 88 63 60 20 27 31 84 14 10 34 0 59 54 66 19 95 64 4 92 2 58 83 9 41 21 25 85 15 80 96 26 3 73" score=23217.964489513983>
Generation no:201
Best individual: <Individual chromosome="35 39 24 17 46 59 70 40 19 97 1 25 99 90 84 14 3 94 75 76 55 53 93 85 57 4 7 37 65 28 74 80 42 78 26 10 49 79 91 82 47 64 45 32 11 95 71 58 12 20 5 67 96 30 31 60 51 27 62 6 15 2 81 89 29 33 87 50 21 18 73 77 92 72 13 23 63 61 54 88 43 44 66 69 98 34 86 16 83 41 36 22 48 38 52 0 8 56 9 68" score=17545.422674985894>
Generation no:401
Best individual: <Individual chromosome="55 76 6 12 93 45 95 32 58 28 4 65 98 81 17 87 48 57 84 51 67 18 36 49 11 37 91 89 80 0 72 94 61 43 13 53 15 71 78 16 26 41 62 1 85 75 3 46 2 74 25 23 63 54 22 52 83 70 27 24 60 29 20 14 79 82 66 5 7 44 77 35 92 39 8 97 47 34 9 31 10 64 40 33 38 56 73 86 88 21 42 96 69 68 30 59 19 99 50 90" score=16842.57332659184>
Generation no:601
Best individual: <Individual chromosome="53 32 55 76 15 54 95 75 71 13 57 45 2 97 84 26 65 72 58 6 42 91 98 74 23 47 64 85 94 93 62 52 48 49 70 46 27 17 29 40 80 12 25 59 1 37 83 11 24 90 3 51 7 63 16 36 78 8 4 43 28 33 66 96 34 67 99 38 9 10 89 81 22 18 88 41 61 60 0 39 79 21 56 86 73 82 87 19 14 50 35 44 77 30 68 92 5 69 20 31" score=14737.799314911448>
Generation no:801
Best individual: <Individual chromosome="95 72 76 71 53 12 55 94 32 64 13 40 91 17 29 89 24 27 46 80 45 62 26 81 2 74 52 47 11 93 37 58 75 6 25 98 70 48 1 3 84 65 8 7 4 83 15 90 97 51 49 43 42 28 85 54 78 16 41 57 59 38 9 69 31 99 34 96 50 56 68 30 35 5 79 60 20 82 92 10 88 67 18 61 23 14 33 63 22 73 0 21 19 44 86 77 39 87 66 36" score=12914.742815651214>
Generation no:1001
Best individual: <Individual chromosome="17 29 91 89 40 46 24 27 98 25 2 6 62 55 32 65 71 76 37 95 4 52 84 3 47 13 58 45 15 94 53 48 90 97 51 54 41 16 36 1 75 93 64 85 70 80 11 12 72 42 28 26 23 74 49 78 38 83 43 63 61 7 19 14 30 50 73 77 69 57 82 79 99 59 96 0 8 31 39 35 21 34 88 66 33 81 60 56 22 86 18 87 44 5 67 68 10 92 9 20" score=12680.510961869633>
Generation no:1201
Best individual: <Individual chromosome="29 89 2 76 55 37 45 58 6 94 80 83 85 62 12 64 84 65 32 15 95 72 52 48 11 71 47 54 13 51 90 97 1 75 4 98 17 53 28 42 93 40 25 91 27 24 33 46 74 49 67 61 26 3 36 16 41 63 21 22 23 78 18 38 56 79 7 57 50 8 96 30 43 19 10 87 68 88 77 34 73 69 60 59 82 70 99 44 66 5 20 31 81 35 39 86 9 0 92 14" score=11911.658014828688>
Generation no:1401
Best individual: <Individual chromosome="89 32 55 76 58 15 94 12 47 65 71 93 62 48 85 83 4 75 52 53 64 11 45 72 37 6 80 41 1 90 61 97 3 51 78 26 95 16 84 54 49 13 63 23 18 22 36 67 74 27 46 25 42 2 40 98 28 29 17 82 96 38 88 81 57 8 91 24 33 60 87 73 19 31 7 70 59 56 86 21 34 10 43 30 20 79 92 50 99 44 9 77 0 5 35 66 39 68 69 14" score=11829.50262158406>
Generation no:1601
Best individual: <Individual chromosome="51 84 72 32 16 54 52 11 76 53 15 94 63 41 78 26 48 13 49 67 61 18 22 36 1 65 47 3 97 64 71 74 90 62 55 45 4 85 58 37 6 95 28 83 80 12 25 93 75 2 70 40 42 60 98 46 27 17 89 29 91 24 59 33 87 7 57 81 23 88 43 31 19 38 44 69 14 8 96 21 50 86 56 30 77 0 20 99 79 34 82 92 10 9 73 35 66 68 39 5" score=11582.138200863>
Generation no:1801
Best individual: <Individual chromosome="63 41 84 54 26 67 36 18 22 90 32 94 48 23 97 1 78 51 3 52 72 37 93 45 58 62 95 15 6 64 13 55 71 89 49 65 16 34 76 53 11 83 85 80 40 4 61 47 28 75 12 74 42 25 2 98 46 27 17 91 29 24 33 99 31 50 82 59 60 20 70 81 87 57 7 79 38 8 14 69 19 43 9 56 73 21 10 96 88 30 0 92 39 86 68 5 77 44 66 35" score=11007.61314144661>
Generation no:2001
Best individual: <Individual chromosome="63 41 84 54 26 67 36 18 22 90 32 94 48 23 97 1 78 51 3 52 72 37 93 45 58 62 95 15 6 64 13 55 71 89 49 65 16 34 76 53 11 83 85 80 40 4 61 47 28 75 12 74 42 25 2 98 46 27 17 91 29 24 33 99 31 50 82 59 60 20 70 81 87 57 7 79 38 8 14 69 19 43 9 56 73 21 10 96 88 30 0 92 39 86 68 5 77 44 66 35" score=11007.61314144661>
Generation no:2201
Best individual: <Individual chromosome="27 40 91 46 17 29 89 24 33 75 32 6 45 93 98 70 25 2 42 15 12 52 64 11 76 62 13 71 94 58 55 72 53 37 95 83 47 65 3 84 51 97 49 34 61 63 48 80 54 90 78 41 26 16 8 81 87 7 60 28 1 67 18 22 4 74 39 38 88 36 85 43 19 23 14 57 82 77 69 31 20 79 59 30 9 0 56 35 73 21 86 50 96 10 5 44 92 99 68 66" score=10964.739648899502>
Generation no:2401
Best individual: <Individual chromosome="98 42 25 40 46 17 89 29 24 33 70 75 15 32 6 45 27 91 93 2 12 52 64 11 53 13 62 71 94 58 55 72 76 37 95 47 65 3 84 51 4 83 85 28 80 49 54 97 78 90 48 26 41 61 16 74 14 59 57 81 7 8 87 60 1 67 18 22 44 63 88 56 66 23 96 21 34 10 19 36 43 38 82 20 79 31 73 86 9 99 30 92 0 39 35 69 68 50 5 77" score=10105.464914450193>
Generation no:2601
Best individual: <Individual chromosome="91 29 89 24 17 40 27 32 72 94 55 45 53 93 6 64 71 58 37 76 95 25 46 70 98 11 4 42 28 2 52 13 75 85 15 80 62 12 74 47 65 54 97 90 78 23 3 51 48 84 16 41 61 26 36 22 14 49 63 34 67 1 18 88 96 38 43 57 31 8 99 81 33 87 7 83 69 82 50 79 20 59 30 21 10 19 9 86 73 0 44 60 77 56 39 92 5 35 68 66" score=9688.145712622663>
Generation no:2801
Best individual: <Individual chromosome="29 89 17 27 91 40 6 58 64 37 45 53 76 72 55 95 25 46 70 98 2 4 93 42 71 94 32 15 47 52 13 80 28 85 11 75 62 12 65 3 78 97 84 41 90 23 63 54 51 48 26 1 16 61 22 18 67 88 36 21 34 8 49 74 31 14 83 96 38 43 24 7 87 33 81 57 82 79 59 19 50 20 66 69 44 5 77 39 0 73 86 30 92 60 9 10 99 56 68 35" score=8906.356554386079>
Generation no:3001
Best individual: <Individual chromosome="29 89 17 27 91 40 45 58 72 95 37 6 93 46 70 98 25 42 2 55 76 64 53 15 11 32 94 71 52 47 13 62 80 4 28 85 75 12 65 51 3 48 84 54 26 41 1 78 97 90 23 61 63 16 22 67 18 36 88 34 21 83 79 96 74 49 43 38 14 10 19 8 57 30 50 66 44 81 7 24 33 87 77 59 60 92 31 99 82 69 20 5 68 73 86 9 56 0 35 39" score=8004.693206620237>
Generation no:3201
Best individual: <Individual chromosome="29 89 17 27 98 91 58 95 93 46 70 40 25 42 6 37 45 76 72 55 53 94 15 47 52 64 71 13 2 62 80 4 28 85 75 12 32 11 51 84 97 48 65 3 54 26 78 41 90 1 23 63 16 61 36 67 18 88 22 21 34 96 10 38 74 83 49 43 14 19 8 79 57 7 81 24 33 87 59 82 20 31 30 39 92 77 44 60 69 9 99 50 68 66 5 0 86 35 56 73" score=7330.056214001879>
Generation no:3401
Best individual: <Individual chromosome="89 29 17 27 91 40 70 46 98 25 42 93 6 37 76 45 58 72 95 55 53 15 64 47 52 71 12 2 62 80 28 85 4 75 13 11 32 94 65 3 51 97 48 54 84 26 78 90 41 63 23 1 61 16 36 67 18 88 22 34 21 10 96 14 74 49 38 83 43 8 57 7 59 81 24 33 82 87 79 20 19 50 99 31 30 9 56 5 39 35 44 69 60 77 66 92 0 68 86 73" score=6488.345860970554>
Generation no:3601
Best individual: <Individual chromosome="29 89 17 27 91 40 70 46 98 25 42 93 6 37 58 45 95 72 55 76 53 15 52 47 71 64 62 12 2 80 4 28 85 75 13 11 32 94 65 97 51 48 84 54 3 78 26 90 1 63 41 16 23 61 36 22 67 88 18 34 21 10 96 38 43 74 83 49 8 14 19 31 57 79 7 59 20 81 24 33 82 87 60 9 30 92 44 99 50 77 69 66 5 68 0 86 56 73 35 39" score=6190.615112725454>
Generation no:3801
Best individual: <Individual chromosome="89 29 17 27 91 40 70 46 98 25 6 37 45 58 72 95 55 76 53 15 71 52 47 64 62 93 12 2 42 80 85 4 28 75 13 11 32 94 65 48 51 97 3 84 54 26 78 90 1 41 63 23 61 16 36 22 88 67 18 21 34 10 96 74 83 49 43 8 38 14 19 31 79 20 57 59 7 81 24 33 87 69 82 9 50 30 99 60 66 44 77 92 5 35 68 0 39 56 73 86" score=5728.649377165838>
Generation no:4001
Best individual: <Individual chromosome="29 89 17 27 91 40 70 46 98 25 6 37 58 45 72 55 76 95 53 15 71 47 64 2 12 93 42 4 28 80 85 75 62 13 52 11 32 94 65 48 51 97 3 84 54 26 78 90 1 63 23 41 61 16 36 22 18 67 88 34 21 10 96 38 74 83 49 43 14 19 8 31 79 57 59 7 81 24 33 87 60 69 82 20 99 50 30 9 44 77 66 68 92 0 39 56 73 86 35 5" score=5503.173427826967>
Generation no:4201
Best individual: <Individual chromosome="29 89 17 27 91 40 70 46 98 25 6 45 37 58 72 55 95 76 53 15 71 47 64 62 12 93 2 42 4 28 80 85 75 13 11 52 32 94 65 48 51 97 3 84 54 26 78 90 1 41 63 23 61 16 36 22 88 67 18 34 21 10 96 38 83 74 49 8 43 14 19 31 79 59 57 7 81 24 33 87 82 60 69 20 9 30 50 99 77 66 44 68 5 0 92 39 35 73 86 56" score=5353.4967162884195>
Generation no:4401
Best individual: <Individual chromosome="29 89 17 27 91 70 46 25 98 40 6 45 37 58 72 95 55 76 53 15 71 47 64 62 93 12 2 42 4 28 80 85 75 13 11 52 32 94 65 48 51 97 3 84 54 26 78 90 1 23 63 41 61 16 36 22 67 88 18 34 21 10 96 38 74 83 49 43 8 14 19 31 79 59 57 7 81 24 33 87 60 82 69 20 30 9 50 99 77 66 44 92 68 5 0 39 35 86 73 56" score=5086.17084000531>
Generation no:4601
Best individual: <Individual chromosome="29 89 17 27 91 70 46 25 98 40 6 45 37 58 72 95 55 76 53 15 71 47 64 62 93 12 2 42 4 28 80 85 75 13 11 52 32 94 65 48 51 97 3 84 54 26 78 90 1 23 63 41 61 16 36 22 67 88 18 34 21 10 96 38 74 83 49 43 8 14 19 31 79 59 57 7 81 24 33 87 60 82 69 20 30 9 50 99 77 66 44 92 68 5 0 39 35 86 73 56" score=5086.17084000531>
Generation no:4801
Best individual: <Individual chromosome="29 89 17 27 91 70 46 25 98 40 6 45 37 58 72 95 55 76 53 15 71 47 64 62 93 12 2 42 4 28 80 85 75 13 11 52 32 94 65 48 51 97 3 84 54 26 78 90 1 23 63 41 61 16 36 22 67 88 18 34 21 10 96 38 74 83 49 43 8 14 19 31 79 59 57 7 81 24 33 87 60 82 69 20 30 9 50 99 77 66 44 92 68 5 0 39 35 86 73 56" score=5086.17084000531>
Generation no:5001
Best individual: <Individual chromosome="29 89 17 27 91 70 46 25 98 40 6 45 37 58 72 95 55 76 53 15 71 47 64 62 93 12 2 42 4 28 80 85 75 13 11 52 32 94 65 48 51 97 3 84 54 26 78 90 1 23 63 41 61 16 36 22 67 88 18 34 21 10 96 38 74 83 49 43 8 14 19 31 79 59 57 7 81 24 33 87 60 82 69 20 30 9 50 99 77 66 44 92 68 5 0 39 35 86 73 56" score=5086.17084000531>
Generation no:5201
Best individual: <Individual chromosome="29 89 17 27 91 70 46 25 98 40 6 45 37 58 72 95 55 76 53 15 71 47 64 62 93 12 2 42 4 28 80 85 75 13 11 52 32 94 65 48 51 97 3 84 54 26 78 90 1 23 63 41 61 16 36 22 67 88 18 34 21 10 96 38 74 83 49 43 8 14 19 31 79 59 57 7 81 24 33 87 60 82 69 20 30 9 50 99 77 66 44 92 68 5 0 39 35 86 73 56" score=5086.17084000531>
Generation no:5401
Best individual: <Individual chromosome="29 89 17 27 91 70 46 25 98 40 6 45 37 58 72 95 55 76 53 15 71 47 64 62 93 12 2 42 4 28 80 85 75 13 11 52 32 94 65 48 51 97 3 84 54 26 78 90 1 23 63 41 61 16 36 22 67 88 18 34 21 10 96 38 74 83 49 43 8 14 19 31 79 59 57 7 81 24 33 87 60 82 69 20 30 9 50 99 77 66 44 92 68 5 0 39 35 86 73 56" score=5086.17084000531>
Generation no:5601
Best individual: <Individual chromosome="29 89 17 27 91 70 46 25 98 40 6 45 37 58 72 95 55 76 53 15 71 47 64 62 93 12 2 42 4 28 80 85 75 13 11 52 32 94 65 48 51 97 3 84 54 26 78 90 1 23 63 41 61 16 36 22 67 88 18 34 21 10 96 38 74 83 49 43 8 14 19 31 79 59 57 7 81 24 33 87 60 82 69 20 30 9 50 99 77 66 44 92 68 5 0 39 35 86 73 56" score=5086.17084000531>
Generation no:5801
Best individual: <Individual chromosome="29 89 17 27 70 46 98 25 91 40 6 45 37 58 72 95 76 55 53 15 71 64 62 12 93 2 42 4 28 85 80 75 13 11 52 47 32 94 65 48 51 97 3 84 54 26 78 90 1 23 63 41 61 16 36 18 22 67 88 34 21 10 96 38 74 83 49 43 8 14 19 31 79 59 57 7 81 24 33 87 82 60 69 77 66 44 92 20 99 50 30 9 35 56 86 73 39 68 5 0" score=4993.519898894069>
Generation no:6001
Best individual: <Individual chromosome="29 89 17 27 70 46 98 25 91 40 6 45 37 58 72 95 76 55 53 15 71 64 62 12 93 2 42 4 28 85 80 75 13 11 52 47 32 94 65 48 51 97 3 84 54 26 78 90 1 23 63 41 61 16 36 18 22 67 88 34 21 10 96 38 74 83 49 43 8 14 19 31 79 59 57 7 81 24 33 87 82 60 69 77 66 44 92 20 99 50 30 9 35 56 86 73 39 68 5 0" score=4993.519898894069>
Generation no:6201
Best individual: <Individual chromosome="29 89 17 27 70 46 98 25 91 40 6 45 37 58 72 95 76 55 53 15 71 64 62 12 93 2 42 4 28 85 80 75 13 11 52 47 32 94 65 48 51 97 3 84 54 26 78 90 1 23 63 41 61 16 36 18 22 67 88 34 21 10 96 38 74 83 49 43 8 14 19 31 79 59 57 7 81 24 33 87 82 60 69 77 66 44 92 20 99 50 30 9 35 56 86 73 39 68 5 0" score=4993.519898894069>
Generation no:6401
Best individual: <Individual chromosome="29 89 17 27 70 46 98 25 91 40 6 45 37 58 72 95 76 55 53 15 71 64 62 12 93 2 42 4 28 85 80 75 13 11 52 47 32 94 65 48 51 97 3 84 54 26 78 90 1 23 63 41 61 16 36 18 22 67 88 34 21 10 96 38 74 83 49 43 8 14 19 31 79 59 57 7 81 24 33 87 82 60 69 77 66 44 92 20 99 50 30 9 35 56 86 73 39 68 5 0" score=4993.519898894069>
Generation no:6601
Best individual: <Individual chromosome="29 89 17 27 70 46 98 25 91 40 6 45 37 58 72 95 76 55 53 15 71 64 62 12 93 2 42 4 28 85 80 75 13 11 52 47 32 94 65 48 97 51 3 84 54 26 78 90 1 63 23 41 61 16 36 22 18 67 88 34 21 10 96 38 49 74 83 43 8 14 19 31 20 79 59 57 7 81 24 33 87 82 60 69 77 66 44 92 99 50 9 30 56 86 73 68 5 39 35 0" score=4923.080810618908>
Generation no:6801
Best individual: <Individual chromosome="29 89 17 27 70 46 98 25 91 40 6 45 37 58 72 95 76 55 53 15 71 64 62 12 93 2 42 4 28 85 80 75 13 11 52 47 32 94 65 48 51 3 84 54 26 78 97 90 1 63 23 41 61 16 36 22 18 67 88 34 21 10 96 38 49 83 74 43 8 14 19 31 79 20 59 57 7 81 24 33 87 60 69 82 77 66 44 99 50 9 30 92 5 68 0 39 35 86 73 56" score=4865.686444025743>
Generation no:7001
Best individual: <Individual chromosome="29 89 17 27 70 46 98 25 91 40 6 45 37 58 72 95 76 55 53 15 71 64 62 12 93 2 42 4 28 85 80 75 13 11 52 47 32 94 65 48 51 3 84 54 26 78 97 90 1 63 23 41 61 16 36 22 18 67 88 34 21 10 96 38 49 83 74 43 8 14 19 31 79 20 59 57 7 81 24 33 87 60 69 82 77 66 44 99 50 9 30 92 5 68 0 39 35 86 73 56" score=4865.686444025743>
Generation no:7201
Best individual: <Individual chromosome="29 89 17 27 70 46 98 25 91 40 6 45 37 58 72 95 76 55 53 15 71 64 62 12 93 2 42 4 28 85 80 75 13 11 52 47 32 94 65 48 51 3 84 54 26 78 97 90 1 63 23 41 61 16 36 22 18 67 88 34 21 10 96 38 49 83 74 43 8 14 19 31 79 20 59 57 7 81 24 33 87 60 69 82 77 66 44 99 50 9 30 92 5 68 0 39 35 86 73 56" score=4865.686444025743>
Generation no:7401
Best individual: <Individual chromosome="29 89 17 27 70 46 98 25 91 40 6 45 37 58 72 95 76 55 53 15 71 64 62 12 93 2 42 4 28 85 80 75 13 11 52 47 32 94 65 48 51 3 84 54 26 78 97 90 1 63 23 41 61 16 36 22 18 67 88 34 21 10 96 38 49 83 74 43 8 14 19 31 79 20 59 57 7 81 24 33 87 60 69 82 77 66 44 99 50 9 30 92 5 68 0 39 35 86 73 56" score=4865.686444025743>
Generation no:7601
Best individual: <Individual chromosome="29 89 17 27 70 46 98 25 91 40 6 45 37 58 72 95 76 55 53 15 71 64 62 12 93 2 42 4 28 85 80 75 13 11 52 47 32 94 65 48 51 3 84 54 26 78 97 90 1 63 23 41 61 16 36 22 18 67 88 34 21 10 96 38 49 83 74 43 8 14 19 31 79 20 59 57 7 81 24 33 87 60 69 82 77 66 44 99 50 9 30 92 5 68 0 39 35 86 73 56" score=4865.686444025743>
Generation no:7801
Best individual: <Individual chromosome="29 89 17 27 70 46 98 25 91 40 6 45 37 58 72 95 76 55 53 15 71 64 62 12 93 2 42 4 28 85 80 75 13 11 52 47 32 94 65 48 51 3 84 54 26 78 97 90 1 63 23 41 61 16 36 22 18 67 88 34 21 10 96 38 49 83 74 43 8 14 19 31 79 20 59 57 7 81 24 33 87 60 69 82 77 66 44 99 50 9 30 92 5 68 0 39 35 86 73 56" score=4865.686444025743>
Generation no:8001
Best individual: <Individual chromosome="29 89 17 27 70 46 98 25 91 40 6 45 37 58 72 95 76 55 53 15 71 64 62 12 93 2 42 4 28 85 80 75 13 11 52 47 32 94 65 48 51 3 84 54 26 78 97 90 1 63 23 41 61 16 36 22 18 67 88 34 21 10 96 38 49 83 74 43 8 14 19 31 79 20 59 57 7 81 24 33 87 60 69 82 77 66 44 99 50 9 30 92 5 68 0 39 35 86 73 56" score=4865.686444025743>
Generation no:8201
Best individual: <Individual chromosome="89 29 17 27 70 46 98 25 91 40 6 37 58 72 95 76 55 53 45 12 93 2 42 4 28 85 80 75 62 64 13 11 52 47 71 15 32 94 65 48 51 3 84 54 26 78 97 90 1 23 63 41 61 16 36 18 22 67 88 34 21 10 96 38 43 49 83 74 8 14 19 31 20 79 59 57 7 81 24 33 87 60 82 69 44 77 66 92 99 50 9 30 56 73 86 35 5 68 0 39" score=4781.247762500267>
Generation no:8401
Best individual: <Individual chromosome="89 29 17 27 70 46 98 25 91 40 6 37 58 72 95 76 55 45 12 93 2 42 4 28 85 80 75 62 64 13 11 52 47 71 53 15 32 94 65 48 51 3 84 54 26 78 97 90 1 63 23 41 61 16 36 18 22 67 88 34 21 10 96 38 43 49 83 74 8 14 19 31 20 79 59 57 7 81 24 33 87 82 60 69 44 77 66 92 99 50 9 30 5 68 0 35 39 86 73 56" score=4704.596497068097>
Generation no:8601
Best individual: <Individual chromosome="29 89 17 27 70 46 98 25 91 40 6 37 58 72 95 55 76 45 12 93 2 42 4 28 85 80 75 62 64 13 11 52 47 71 53 15 32 94 65 48 51 3 84 54 26 78 97 90 1 23 63 41 61 16 36 18 22 67 88 34 21 10 96 38 43 49 83 74 8 14 19 31 20 79 59 57 7 81 24 33 87 82 60 69 77 44 66 92 99 50 9 30 68 5 0 35 39 86 73 56" score=4688.002943776691>
Generation no:8801
Best individual: <Individual chromosome="29 89 17 27 70 46 98 25 91 40 6 37 58 72 95 76 55 45 12 93 2 42 4 28 85 80 75 62 64 13 11 52 47 71 53 15 32 94 65 84 48 51 3 54 26 78 97 90 1 23 63 41 61 16 36 18 22 67 88 34 21 10 96 38 43 49 83 74 8 14 19 31 20 79 59 57 7 81 24 33 87 82 60 69 77 66 44 92 99 50 9 30 73 56 86 39 35 0 5 68" score=4615.404452473012>
Generation no:9001
Best individual: <Individual chromosome="29 89 17 27 70 46 98 25 91 40 6 37 58 72 95 76 55 45 12 93 2 42 4 28 85 80 75 62 64 13 11 52 47 71 53 15 32 94 65 84 48 51 3 54 26 78 97 90 1 23 63 41 61 16 36 18 22 67 88 34 21 10 96 38 43 49 83 74 8 14 19 31 20 79 59 57 7 81 24 33 87 82 60 69 77 66 44 92 99 50 9 30 73 56 86 39 35 0 5 68" score=4615.404452473012>
Generation no:9201
Best individual: <Individual chromosome="29 89 17 27 70 46 98 25 91 40 6 37 58 72 95 76 55 45 12 93 2 42 4 28 85 80 75 62 64 13 11 52 47 71 53 15 32 94 65 84 48 51 3 54 26 78 97 90 1 23 63 41 61 16 36 18 22 67 88 34 21 10 96 38 43 49 83 74 8 14 19 31 20 79 59 57 7 81 24 33 87 82 60 69 77 66 44 92 99 50 9 30 73 56 86 39 35 0 5 68" score=4615.404452473012>
Generation no:9401
Best individual: <Individual chromosome="29 89 17 27 70 46 98 25 91 40 6 37 58 72 95 76 55 45 12 93 2 42 4 28 85 80 75 62 64 13 11 52 47 71 53 15 32 94 65 84 48 51 3 54 26 78 97 90 1 23 63 41 61 16 36 18 22 67 88 34 21 10 96 38 43 49 83 74 8 14 19 31 20 79 59 57 7 81 24 33 87 82 60 69 77 66 44 92 99 50 9 30 73 56 86 39 35 0 5 68" score=4615.404452473012>
Generation no:9601
Best individual: <Individual chromosome="29 89 17 27 70 46 98 25 91 40 6 37 58 72 95 76 55 45 12 93 2 42 4 28 85 80 75 62 64 13 11 52 47 71 53 15 32 94 65 84 48 51 3 54 26 78 97 90 1 23 63 41 61 16 36 18 22 67 88 34 21 10 96 38 43 49 83 74 8 14 19 31 20 79 59 57 7 81 24 33 87 82 60 69 77 66 44 92 99 50 9 30 73 56 86 39 35 0 5 68" score=4615.404452473012>
Generation no:9801
Best individual: <Individual chromosome="29 89 17 27 70 46 98 25 91 40 6 37 58 72 95 76 55 45 12 93 2 42 4 28 85 80 75 62 64 13 11 52 47 71 53 15 32 94 65 84 48 51 3 54 26 78 97 90 1 23 63 41 61 16 36 18 22 67 88 34 21 10 96 38 43 49 83 74 8 14 19 31 20 79 59 57 7 81 24 33 87 82 60 69 77 66 44 92 99 50 9 30 73 56 86 39 35 0 5 68" score=4615.404452473012>
..................Result.........................
<Individual chromosome="29 89 17 27 70 46 98 25 91 40 6 37 58 72 95 76 55 45 12 93 2 42 4 28 85 80 75 62 64 13 11 52 47 71 53 15 32 94 65 84 48 51 3 54 26 78 97 90 1 23 63 41 61 16 36 18 22 67 88 34 21 10 96 38 43 49 83 74 8 14 19 31 20 79 59 57 7 81 24 33 87 82 60 69 77 66 44 92 99 50 9 30 73 56 86 39 35 0 5 68" score=4615.404452473012>
The plot was saved into the TSPresult_GA_crossover_run_1.png file.

AVERAGE ON RUNS =%.02f 7166.401976188026
..................End.........................
