..................Start.........................
birthrate = 0.4 operator = crossover
Run: 0
The plot was saved into the TSPstart_GA_mutate_whole.png file.
Generation no:1
Best individual: <Individual chromosome="4 0 23 67 19 37 60 25 5 79 50 12 7 28 32 71 81 33 58 13 21 62 59 70 91 54 93 29 45 40 26 2 39 34 48 74 51 98 36 73 96 11 76 72 47 53 61 42 83 6 43 52 24 84 80 27 38 69 99 18 35 86 57 30 9 82 8 10 64 55 95 65 17 14 89 20 88 68 1 44 56 97 3 49 78 22 90 15 92 87 94 75 41 16 85 31 46 63 77 66" score=24176.153160812824>
Generation no:201
Best individual: <Individual chromosome="20 27 17 29 24 60 66 5 79 78 77 0 92 19 14 41 2 95 80 7 91 12 25 40 99 39 56 31 23 67 22 18 50 9 47 32 84 16 63 21 88 45 4 37 87 62 71 26 35 69 54 6 94 10 96 59 86 68 44 81 70 98 83 76 28 13 55 93 72 58 53 11 75 65 51 1 38 61 36 3 48 73 42 85 8 74 57 33 89 52 15 97 49 30 34 43 82 64 90 46" score=16901.093269817964>
Generation no:401
Best individual: <Individual chromosome="20 27 17 29 24 60 66 5 79 78 77 0 92 19 14 41 2 95 80 7 91 12 25 40 99 39 56 31 23 67 22 18 50 9 47 32 84 16 63 21 88 45 4 37 87 62 71 26 35 69 54 6 94 10 96 59 86 68 44 81 70 98 83 76 28 13 55 93 72 58 53 11 75 65 51 1 38 61 36 3 48 73 42 85 8 74 57 33 89 52 15 97 49 30 34 43 82 64 90 46" score=16901.093269817964>
Generation no:601
Best individual: <Individual chromosome="20 27 17 29 24 60 66 5 79 78 77 0 92 19 14 41 2 95 80 7 91 12 25 40 99 39 56 31 23 67 22 18 50 9 47 32 84 16 63 21 88 45 4 37 87 62 71 26 35 69 54 6 94 10 96 59 86 68 44 81 70 98 83 76 28 13 55 93 72 58 53 11 75 65 51 1 38 61 36 3 48 73 42 85 8 74 57 33 89 52 15 97 49 30 34 43 82 64 90 46" score=16901.093269817964>
Generation no:801
Best individual: <Individual chromosome="0 50 44 19 92 46 81 28 48 78 58 79 62 67 85 39 5 36 90 55 98 2 83 42 45 72 6 7 4 8 14 12 47 1 54 65 97 86 23 96 10 30 74 73 61 41 49 38 20 9 35 34 21 59 17 25 40 80 16 88 22 84 94 52 53 71 93 13 75 64 26 37 76 95 11 32 18 69 60 87 66 89 51 3 63 43 57 27 29 33 15 91 70 82 77 31 24 56 99 68" score=16877.696370918344>
Generation no:1001
Best individual: <Individual chromosome="23 61 41 94 45 55 72 37 93 12 62 48 90 84 51 65 13 15 6 58 95 76 47 26 96 78 71 53 49 67 18 64 32 36 54 16 3 97 1 88 30 10 21 11 83 85 74 42 25 82 77 5 63 80 27 91 70 28 75 52 8 24 17 46 29 89 98 2 99 50 69 68 59 38 66 14 60 31 57 43 20 0 9 34 56 87 4 40 92 44 81 33 7 79 39 19 73 35 86 22" score=13451.536826094698>
Generation no:1201
Best individual: <Individual chromosome="71 55 58 37 6 76 72 12 54 3 65 51 62 48 84 1 78 47 75 80 85 15 53 32 83 11 52 64 90 63 36 26 23 45 94 13 95 4 49 38 97 61 18 16 88 67 41 21 22 93 2 28 74 14 56 34 79 96 10 50 8 43 30 9 57 25 81 91 40 87 33 7 82 42 98 27 24 46 99 31 17 70 29 89 20 39 66 92 44 5 77 59 35 73 86 60 68 0 69 19" score=11971.443009658728>
Generation no:1401
Best individual: <Individual chromosome="58 53 15 95 55 76 72 32 71 94 64 47 52 11 84 26 78 48 54 61 41 74 51 3 97 90 37 65 1 16 88 67 12 93 2 28 83 63 36 23 75 13 62 6 45 85 49 7 38 81 10 14 42 34 22 18 4 80 8 43 39 35 56 73 86 96 30 19 59 57 50 69 31 5 68 0 99 79 25 9 21 20 82 66 44 87 60 77 92 70 98 24 91 89 33 46 27 40 17 29" score=11165.591900390795>
Generation no:1601
Best individual: <Individual chromosome="26 16 54 84 3 61 41 63 51 78 95 72 76 55 94 90 97 64 12 2 52 80 48 47 13 53 15 11 32 45 75 62 37 58 83 1 18 22 88 36 23 67 34 21 38 4 85 42 93 71 49 14 8 19 79 65 28 43 74 6 20 99 56 10 73 39 86 50 0 35 59 31 9 30 68 5 92 66 77 60 82 44 33 57 96 7 81 69 87 46 70 24 29 89 17 91 40 98 25 27" score=10006.16550459278>
Generation no:1801
Best individual: <Individual chromosome="54 16 61 63 95 72 76 55 94 32 15 71 13 52 47 37 58 93 6 53 11 80 78 90 1 26 18 22 36 23 41 3 48 45 12 2 75 83 42 62 49 97 84 51 65 85 64 88 67 4 28 74 38 34 21 96 43 8 14 19 10 73 86 56 35 39 0 5 68 30 9 50 79 99 20 31 87 7 59 57 77 92 66 44 69 60 82 81 91 33 24 70 25 27 46 98 40 17 89 29" score=8026.058828620071>
Generation no:2001
Best individual: <Individual chromosome="54 16 61 63 95 76 55 94 32 15 71 52 47 37 58 93 6 12 45 72 11 62 80 1 26 18 22 36 23 41 90 51 78 3 97 84 48 65 53 13 64 75 2 83 4 28 85 74 42 49 38 67 88 34 21 96 43 8 14 19 10 73 56 86 39 35 0 5 68 9 30 50 31 79 59 99 20 77 44 92 66 60 69 82 57 7 81 87 33 24 70 27 46 40 29 89 17 91 98 25" score=6660.772407227406>
Generation no:2201
Best individual: <Individual chromosome="54 16 61 63 95 76 55 32 94 15 71 47 58 37 93 12 6 45 72 11 1 26 18 36 22 23 41 90 78 97 51 3 48 84 65 52 53 13 64 62 80 75 2 85 83 28 4 42 74 49 38 67 88 34 21 96 43 8 14 19 10 73 86 56 39 35 0 5 68 50 9 30 31 59 79 20 99 92 44 66 77 69 60 82 57 7 81 87 33 24 70 27 46 29 89 17 91 40 98 25" score=6053.681002818949>
Generation no:2401
Best individual: <Individual chromosome="54 16 61 63 95 76 55 32 94 15 71 37 93 12 6 45 58 72 11 90 26 18 22 36 41 23 1 78 97 51 3 48 84 65 52 47 53 13 64 62 75 2 80 85 83 28 42 4 74 49 38 67 88 34 21 96 43 8 14 19 10 73 86 56 39 35 0 5 68 50 9 30 31 59 79 20 92 99 66 44 77 69 60 82 57 7 81 87 33 24 46 70 27 89 17 29 91 40 98 25" score=5957.891690662271>
Generation no:2601
Best individual: <Individual chromosome="54 16 61 63 95 76 55 32 94 15 71 37 93 12 6 45 58 72 11 26 1 22 18 36 41 23 90 78 97 51 3 48 84 65 47 52 53 13 64 62 80 75 2 28 83 85 4 42 74 49 38 88 67 34 21 96 43 8 14 19 10 73 86 56 39 35 0 5 68 9 30 50 31 79 20 99 92 44 66 77 69 60 82 59 57 7 81 87 33 24 46 70 27 29 89 17 91 40 98 25" score=5777.748270167346>
Generation no:2801
Best individual: <Individual chromosome="54 16 61 32 94 15 71 95 76 55 37 93 12 6 45 58 72 11 1 26 63 18 22 36 41 23 90 78 97 51 3 48 84 65 47 52 53 13 64 62 75 2 80 85 83 28 4 42 74 49 38 88 67 34 21 96 43 8 14 19 10 73 86 56 39 35 0 68 5 50 9 30 31 79 20 99 92 44 66 77 69 60 82 59 57 7 81 87 33 24 70 46 27 17 89 29 91 40 98 25" score=5640.936365691863>
Generation no:3001
Best individual: <Individual chromosome="54 16 32 94 15 71 95 76 55 37 93 12 6 45 58 72 11 1 63 22 18 36 61 41 23 90 78 26 97 51 3 48 84 65 47 52 53 13 64 62 75 2 80 83 85 28 4 42 74 49 38 88 67 34 21 96 43 8 14 19 10 73 86 56 39 35 0 5 68 50 9 30 31 79 20 99 92 44 66 77 69 60 82 59 57 7 81 87 33 24 70 46 27 89 29 17 91 40 98 25" score=5512.308748137714>
Generation no:3201
Best individual: <Individual chromosome="32 94 15 71 95 37 58 93 12 6 45 76 55 72 11 1 61 16 18 22 36 41 63 26 90 97 78 54 3 51 48 84 65 47 52 53 13 64 62 75 2 80 83 85 28 4 42 74 49 38 23 88 67 34 21 96 43 8 14 19 10 73 86 56 39 35 0 68 5 50 9 30 31 79 20 99 92 44 66 77 69 60 82 59 57 7 81 87 33 24 70 46 27 17 89 29 91 40 98 25" score=5256.573898486151>
Generation no:3401
Best individual: <Individual chromosome="32 94 15 58 37 93 12 6 45 55 76 95 72 71 11 16 22 18 36 61 41 1 63 90 97 78 26 54 51 3 84 48 65 52 47 53 13 64 62 75 2 80 85 28 42 4 83 74 49 38 23 88 67 34 21 96 8 43 14 19 10 73 86 56 39 35 0 68 5 50 9 30 31 79 20 99 92 44 66 77 69 60 82 59 57 7 81 87 33 24 70 46 27 17 29 89 91 40 98 25" score=5168.3136553504555>
Generation no:3601
Best individual: <Individual chromosome="32 94 15 37 93 12 6 45 58 55 76 95 72 71 11 16 61 18 22 36 41 1 63 90 97 78 26 54 51 3 84 48 65 47 52 53 13 64 62 75 2 80 4 42 28 85 83 74 49 38 23 67 88 34 21 10 96 43 8 14 19 73 86 56 39 35 0 68 5 50 9 30 31 79 20 99 92 44 66 77 69 60 82 59 57 7 81 87 33 24 70 46 27 89 29 17 91 40 98 25" score=5096.181095493574>
Generation no:3801
Best individual: <Individual chromosome="32 94 15 37 93 12 6 45 58 76 95 55 72 71 11 16 36 18 22 61 41 1 63 90 97 78 26 54 3 51 84 48 65 47 52 53 13 64 62 75 2 80 4 42 28 85 83 74 49 23 88 67 34 21 96 38 43 8 14 19 10 73 86 56 39 35 0 68 5 50 9 30 31 79 20 99 92 44 66 77 69 60 82 59 57 7 81 87 33 24 70 46 27 17 29 89 91 40 98 25" score=5050.516279822714>
Generation no:4001
Best individual: <Individual chromosome="32 94 15 37 93 12 6 45 58 76 95 55 72 71 53 16 36 22 18 61 41 1 63 90 97 78 26 54 3 51 84 48 65 47 52 11 13 64 62 75 2 80 4 42 28 85 83 74 49 38 23 67 88 34 21 96 43 8 14 19 10 73 86 56 39 35 0 68 5 50 9 30 31 79 20 99 92 44 66 77 69 60 82 59 57 7 81 87 33 24 70 46 27 17 29 89 91 40 98 25" score=5039.041268322981>
Generation no:4201
Best individual: <Individual chromosome="32 94 37 93 12 6 45 58 76 95 72 55 15 71 16 22 18 36 61 41 63 1 90 97 78 26 54 3 51 84 48 65 47 52 11 53 13 64 62 75 80 4 2 42 28 85 83 74 49 23 88 67 34 21 96 38 43 8 14 19 10 73 86 56 39 35 0 68 5 50 9 30 31 79 20 99 92 44 66 77 69 60 82 59 57 7 81 87 33 24 70 46 27 17 89 29 91 40 98 25" score=4983.327953002271>
Generation no:4401
Best individual: <Individual chromosome="32 94 37 93 12 6 45 58 76 95 72 55 15 71 16 22 18 36 61 41 63 1 90 97 78 26 54 3 51 84 48 65 47 52 11 53 13 64 62 75 80 4 2 42 28 85 83 74 49 23 88 67 34 21 96 38 43 8 14 19 10 73 86 56 39 35 0 68 5 50 9 30 31 79 20 99 92 44 66 77 69 60 82 59 57 7 81 87 33 24 70 46 27 17 89 29 91 40 98 25" score=4983.327953002271>
Generation no:4601
Best individual: <Individual chromosome="32 94 37 93 12 6 45 58 76 95 72 55 15 71 53 16 36 22 18 61 41 63 1 90 97 78 26 54 3 51 84 48 65 47 52 11 13 64 62 75 80 4 2 42 28 85 83 74 49 38 23 67 88 34 21 96 43 8 14 19 10 73 86 56 39 35 0 68 5 9 30 50 31 79 20 99 92 44 66 77 69 60 82 59 57 7 81 87 33 24 70 46 27 17 29 89 91 40 98 25" score=4954.272620134263>
Generation no:4801
Best individual: <Individual chromosome="32 94 37 93 12 6 45 58 72 76 95 55 15 71 16 36 22 18 61 41 63 1 90 97 78 26 54 3 51 84 48 65 47 52 11 53 13 64 62 75 80 4 2 42 28 85 83 74 49 23 67 88 34 21 96 38 43 8 14 19 10 73 86 56 39 35 0 68 5 9 30 50 31 79 20 99 92 66 44 77 69 60 82 59 57 7 81 87 33 24 70 46 27 17 29 89 91 40 98 25" score=4951.69994115039>
Generation no:5001
Best individual: <Individual chromosome="32 37 93 12 6 45 58 72 76 95 55 94 15 71 16 36 18 22 61 41 63 1 90 97 78 26 54 3 51 84 48 65 47 52 11 53 13 64 62 75 80 4 2 42 28 85 83 74 49 38 23 67 88 34 21 96 43 8 14 19 10 73 86 56 39 35 0 68 5 9 30 50 31 79 20 99 92 66 44 77 69 60 82 59 57 7 81 87 33 24 70 46 27 17 29 89 91 40 98 25" score=4947.971567070428>
Generation no:5201
Best individual: <Individual chromosome="37 93 12 6 45 58 72 32 55 76 95 94 15 71 16 36 22 18 61 41 63 1 90 97 78 26 54 3 51 84 48 65 47 52 11 53 13 64 62 75 80 4 2 42 28 85 83 74 49 38 23 67 88 34 21 96 43 8 14 19 10 73 86 56 39 35 0 68 5 9 30 50 31 79 20 99 92 66 44 77 69 60 82 59 57 7 81 87 33 24 70 46 27 17 29 89 91 40 98 25" score=4923.225431165694>
Generation no:5401
Best individual: <Individual chromosome="37 93 12 6 45 58 72 32 55 76 95 94 15 71 16 36 22 18 61 41 63 1 90 97 78 26 54 3 51 84 48 65 47 52 11 53 13 64 62 75 80 4 2 42 28 85 83 74 49 38 23 67 88 34 21 96 43 8 14 19 10 73 86 56 39 35 0 68 5 9 30 50 31 79 20 99 92 66 44 77 69 60 82 59 57 7 81 87 33 24 70 46 27 17 29 89 91 40 98 25" score=4923.225431165694>
Generation no:5601
Best individual: <Individual chromosome="37 93 12 6 45 58 72 32 55 76 95 94 15 71 16 36 22 18 61 41 63 1 90 97 78 26 54 3 51 84 48 65 47 52 11 53 13 64 62 75 80 4 2 42 28 85 83 74 49 38 23 67 88 34 21 96 43 8 14 19 10 73 86 56 39 35 0 68 5 9 30 50 31 79 20 99 92 66 44 77 69 60 82 59 57 7 81 87 33 24 70 46 27 17 29 89 91 40 98 25" score=4923.225431165694>
Generation no:5801
Best individual: <Individual chromosome="37 93 12 6 45 58 72 32 55 76 95 94 15 71 16 36 22 18 61 41 63 1 90 97 78 26 54 3 51 84 48 65 47 52 11 53 13 64 62 75 80 4 2 42 28 85 83 74 49 38 23 67 88 34 21 96 43 8 14 19 10 73 86 56 39 35 0 68 5 9 30 50 31 79 20 99 92 66 44 77 69 60 82 59 57 7 81 87 33 24 70 46 27 17 29 89 91 40 98 25" score=4923.225431165694>
Generation no:6001
Best individual: <Individual chromosome="37 93 12 6 45 58 72 32 55 76 95 94 15 71 16 36 22 18 61 41 63 1 90 97 78 26 54 3 51 84 48 65 47 52 11 53 13 64 62 75 80 4 2 42 28 85 83 74 49 38 23 67 88 34 21 96 43 8 14 19 10 73 86 56 39 35 0 68 5 9 30 50 31 79 20 99 92 66 44 77 69 60 82 59 57 7 81 87 33 24 70 46 27 17 29 89 91 40 98 25" score=4923.225431165694>
Generation no:6201
Best individual: <Individual chromosome="32 94 37 93 12 6 45 58 72 76 95 55 15 71 16 36 22 18 61 41 63 1 90 97 78 26 54 3 51 84 48 65 47 52 11 53 13 64 62 75 80 4 2 42 28 85 83 74 49 23 67 88 34 21 10 96 38 43 8 14 19 73 86 56 39 35 0 68 5 9 30 50 31 79 20 99 92 66 44 77 69 60 82 59 57 7 81 87 33 24 70 46 27 17 29 89 91 40 98 25" score=4916.999651302954>
Generation no:6401
Best individual: <Individual chromosome="32 94 37 93 12 6 45 58 72 76 95 55 15 71 16 36 22 18 61 41 63 1 90 97 78 26 54 3 51 84 48 65 47 52 11 53 13 64 62 75 80 4 2 42 28 85 83 74 49 23 67 88 34 21 10 96 38 43 8 14 19 73 86 56 39 35 0 68 5 9 30 50 31 79 20 99 92 66 44 77 69 60 82 59 57 7 81 87 33 24 70 46 27 17 29 89 91 40 98 25" score=4916.999651302954>
Generation no:6601
Best individual: <Individual chromosome="32 94 37 93 12 6 45 58 72 76 95 55 15 71 16 36 22 18 61 41 63 1 90 97 78 26 54 3 51 84 48 65 47 52 11 53 13 64 62 75 80 4 2 42 28 85 83 74 49 23 67 88 34 21 10 96 38 43 8 14 19 73 86 56 39 35 0 68 5 9 30 50 31 79 20 99 92 66 44 77 69 60 82 59 57 7 81 87 33 24 70 46 27 17 29 89 91 40 98 25" score=4916.999651302954>
Generation no:6801
Best individual: <Individual chromosome="32 94 37 93 12 6 45 58 72 76 95 55 15 71 16 36 22 18 61 41 63 1 90 97 78 26 54 3 51 84 48 65 47 52 11 53 13 64 62 75 80 4 2 42 28 85 83 74 49 23 67 88 34 21 10 96 38 43 8 14 19 73 86 56 39 35 0 68 5 9 30 50 31 79 20 99 92 66 44 77 69 60 82 59 57 7 81 87 33 24 70 46 27 17 29 89 91 40 98 25" score=4916.999651302954>
Generation no:7001
Best individual: <Individual chromosome="32 94 37 93 12 6 45 58 72 95 76 55 15 71 16 36 18 22 61 41 63 1 90 97 78 26 54 3 51 84 48 65 47 52 11 53 13 64 62 75 80 4 2 42 28 85 83 74 49 23 67 88 34 21 96 38 43 8 14 19 10 73 86 56 39 35 0 68 5 50 9 30 31 79 20 99 92 66 44 77 69 60 82 59 57 7 81 87 33 24 70 46 27 17 29 89 91 40 98 25" score=4910.485626219127>
Generation no:7201
Best individual: <Individual chromosome="93 12 6 45 37 58 72 95 76 55 94 32 15 71 16 36 18 22 61 41 63 1 90 97 78 26 54 3 51 84 48 65 47 52 11 53 13 64 62 75 4 80 2 42 28 85 83 74 49 23 67 88 34 21 96 38 43 8 14 19 10 73 86 56 39 35 0 68 5 9 30 50 31 79 20 99 92 66 44 77 69 60 82 59 57 7 81 87 33 24 70 46 27 17 29 89 91 40 98 25" score=4599.43163653522>
Generation no:7401
Best individual: <Individual chromosome="12 93 6 45 37 58 72 95 76 55 94 32 15 71 16 36 18 22 61 41 63 1 90 97 78 26 54 3 51 84 48 65 47 52 11 53 13 64 62 75 80 4 2 42 28 85 83 74 49 23 67 88 34 21 96 38 43 8 14 19 10 73 86 56 39 35 0 68 5 9 30 50 31 79 20 99 92 66 44 77 69 60 82 59 57 7 81 87 33 24 70 46 27 17 29 89 91 40 98 25" score=4550.568076791953>
Generation no:7601
Best individual: <Individual chromosome="12 93 6 45 37 58 72 95 76 55 94 32 15 71 16 36 18 22 61 41 63 1 90 97 78 26 54 3 51 84 48 65 47 52 11 53 13 64 62 75 80 4 2 42 28 85 83 74 49 23 67 88 34 21 96 38 43 8 14 19 10 73 86 56 39 35 0 68 5 9 30 31 79 20 50 99 92 66 44 77 69 60 82 59 57 7 81 87 33 24 70 46 27 17 29 89 91 40 98 25" score=4544.801899132843>
Generation no:7801
Best individual: <Individual chromosome="12 93 6 45 37 58 72 95 76 55 94 32 15 71 16 36 18 22 61 41 63 1 90 97 78 26 54 3 51 84 48 65 47 52 11 53 13 64 62 75 80 4 2 42 28 85 83 74 49 23 67 88 34 21 96 38 43 8 14 19 30 9 10 73 86 56 39 35 0 68 5 50 31 79 20 99 92 66 44 77 69 60 82 59 57 7 81 87 33 24 70 46 27 17 29 89 91 40 98 25" score=4512.941854879171>
Generation no:8001
Best individual: <Individual chromosome="12 93 6 45 37 58 72 95 76 55 94 32 15 71 53 16 36 18 22 61 41 63 1 90 97 78 26 54 3 51 84 48 65 47 52 11 13 64 62 75 80 4 2 42 28 85 83 74 49 23 67 88 34 21 96 38 43 8 14 19 10 73 86 56 39 35 0 68 5 50 30 9 31 79 20 99 92 66 44 77 69 60 82 59 57 7 81 87 33 24 70 46 27 17 29 89 91 40 98 25" score=4491.58165145578>
Generation no:8201
Best individual: <Individual chromosome="12 93 6 45 37 58 72 95 76 55 94 32 15 71 53 16 36 18 22 61 41 63 1 90 97 78 26 54 3 51 84 48 65 47 52 11 13 64 62 75 80 4 2 42 28 85 83 74 49 23 67 88 34 21 96 38 43 8 14 19 10 73 86 56 39 35 0 68 5 50 30 9 31 79 20 99 92 66 44 77 69 60 82 59 57 7 81 87 33 24 70 46 27 17 29 89 91 40 98 25" score=4491.58165145578>
Generation no:8401
Best individual: <Individual chromosome="12 93 6 45 37 58 72 95 76 55 94 32 15 71 53 16 36 18 22 61 41 63 1 90 97 78 26 54 3 51 84 48 65 47 52 11 13 64 62 75 80 4 2 42 28 85 83 74 49 23 67 88 34 21 96 38 43 8 14 19 10 73 86 56 39 35 0 68 5 50 30 9 31 79 20 99 92 66 44 77 69 60 82 59 57 7 81 87 33 24 70 46 27 17 29 89 91 40 98 25" score=4491.58165145578>
Generation no:8601
Best individual: <Individual chromosome="12 93 6 45 37 58 72 95 76 55 94 32 15 71 53 16 36 18 22 61 41 63 1 90 97 78 26 54 3 51 84 48 65 47 52 11 13 64 62 75 80 4 2 42 28 85 83 74 49 23 67 88 34 21 96 38 43 8 14 19 10 73 86 56 39 35 0 68 5 50 30 9 31 79 20 99 92 66 44 77 69 60 82 59 57 7 81 87 33 24 70 46 27 17 29 89 91 40 98 25" score=4491.58165145578>
Generation no:8801
Best individual: <Individual chromosome="12 93 6 45 37 58 72 95 76 55 94 32 15 71 53 16 36 18 22 61 41 63 1 90 97 78 26 54 3 51 84 48 65 47 52 11 13 64 62 75 80 4 2 42 28 85 83 74 49 23 67 88 34 21 96 38 43 8 14 19 10 73 86 56 39 35 0 68 5 50 30 9 31 79 20 99 92 66 44 77 69 60 82 59 57 7 81 87 33 24 70 46 27 17 29 89 91 40 98 25" score=4491.58165145578>
Generation no:9001
Best individual: <Individual chromosome="12 93 6 45 37 58 72 95 76 55 94 32 15 71 53 16 36 18 22 61 41 63 1 90 97 78 26 54 3 51 84 48 65 47 52 11 13 64 62 75 80 4 2 42 28 85 83 74 49 23 67 88 34 21 96 38 43 8 14 19 10 73 86 56 39 35 0 68 5 50 30 9 31 79 20 99 92 66 44 77 69 60 82 59 57 7 81 87 33 24 70 46 27 17 29 89 91 40 98 25" score=4491.58165145578>
Generation no:9201
Best individual: <Individual chromosome="12 93 6 45 37 58 72 95 76 55 94 32 15 71 53 16 36 18 22 61 41 63 1 90 97 78 26 54 3 51 84 48 65 47 52 11 13 64 62 75 80 4 2 42 28 85 83 74 49 23 67 88 34 21 96 38 43 8 14 19 10 73 86 56 39 35 0 68 5 50 30 9 31 79 20 99 92 66 44 77 69 60 82 59 57 7 81 87 33 24 70 46 27 17 29 89 91 40 98 25" score=4491.58165145578>
Generation no:9401
Best individual: <Individual chromosome="12 93 6 45 37 58 72 95 76 55 94 32 15 71 53 16 36 18 22 61 41 63 1 90 97 78 26 54 3 51 84 48 65 47 52 11 13 64 62 75 80 4 2 42 28 85 83 74 49 23 67 88 34 21 96 38 43 8 14 19 10 73 86 56 39 35 0 68 5 50 30 9 31 79 20 99 92 66 44 77 69 60 82 59 57 7 81 87 33 24 70 46 27 17 29 89 91 40 98 25" score=4491.58165145578>
Generation no:9601
Best individual: <Individual chromosome="12 93 6 45 37 58 72 95 76 55 94 32 15 71 53 16 36 18 22 61 41 63 1 90 97 78 26 54 3 51 84 48 65 47 52 11 13 64 62 75 80 4 2 42 28 85 83 74 49 23 67 88 34 21 96 38 43 8 14 19 10 73 86 56 39 35 0 68 5 50 30 9 31 79 20 99 92 66 44 77 69 60 82 59 57 7 81 87 33 24 70 46 27 17 29 89 91 40 98 25" score=4491.58165145578>
Generation no:9801
Best individual: <Individual chromosome="12 93 6 45 37 58 72 95 76 55 94 32 15 71 53 16 36 18 22 61 41 63 1 90 97 78 26 54 3 51 84 48 65 47 52 11 13 64 62 75 80 4 2 42 28 85 83 74 49 23 67 88 34 21 96 38 43 8 14 19 10 73 86 56 39 35 0 68 5 50 30 9 31 79 20 99 92 66 44 77 69 60 82 59 57 7 81 87 33 24 70 46 27 17 29 89 91 40 98 25" score=4491.58165145578>
..................Result.........................
<Individual chromosome="12 93 6 45 37 58 72 95 76 55 94 32 15 71 53 16 36 18 22 61 41 63 1 90 97 78 26 54 3 51 84 48 65 47 52 11 13 64 62 75 80 4 2 42 28 85 83 74 49 23 67 88 34 21 96 38 43 8 14 19 10 73 86 56 39 35 0 68 5 50 30 9 31 79 20 99 92 66 44 77 69 60 82 59 57 7 81 87 33 24 70 46 27 17 29 89 91 40 98 25" score=4491.58165145578>
The plot was saved into the TSPresult_GA_crossover_run_0.png file.

Run: 1
The plot was saved into the TSPstart_GA_mutate_whole.png file.
Generation no:1
Best individual: <Individual chromosome="17 89 8 65 79 59 53 96 23 29 25 24 70 69 67 52 1 81 18 80 2 91 42 27 83 62 95 55 11 49 54 22 98 38 50 56 39 40 99 34 90 82 10 44 4 84 58 78 28 13 48 16 32 12 51 86 37 19 3 20 63 74 66 31 97 85 75 33 73 77 94 76 6 15 72 7 87 41 60 5 0 68 35 61 43 9 93 92 36 57 71 47 45 46 21 88 64 14 26 30" score=23091.61290620894>
Generation no:201
Best individual: <Individual chromosome="39 45 6 60 46 97 64 51 2 89 38 57 10 78 34 21 31 44 68 87 13 58 85 63 19 8 5 7 33 18 66 9 96 56 24 17 29 91 27 83 12 75 61 23 22 20 79 88 49 26 1 92 99 69 77 59 53 55 95 32 15 25 40 11 65 54 84 67 16 36 90 30 47 71 3 41 81 76 93 42 4 80 14 70 98 37 72 52 62 43 74 28 35 86 73 0 50 82 94 48" score=17222.989866821328>
Generation no:401
Best individual: <Individual chromosome="27 29 24 33 73 39 70 17 87 99 9 69 80 89 14 10 68 77 30 44 66 0 35 82 81 2 19 96 67 4 93 62 42 13 12 46 85 64 59 57 60 56 5 86 61 78 47 98 6 72 45 58 76 92 36 90 55 15 53 94 95 91 25 40 32 74 83 48 8 22 34 51 3 50 31 20 37 71 75 79 38 21 1 41 63 26 23 49 84 65 11 97 88 18 28 43 7 16 54 52" score=15808.870143828548>
Generation no:601
Best individual: <Individual chromosome="70 17 24 20 66 35 82 6 72 32 93 12 64 52 76 55 95 42 98 87 92 56 9 5 79 63 44 60 69 57 53 94 62 75 23 4 71 15 65 61 18 31 25 40 27 29 91 85 7 46 21 36 10 34 96 8 89 14 30 39 81 59 58 68 86 0 33 50 77 19 99 2 13 83 78 74 73 3 80 28 43 97 88 67 84 38 51 48 49 26 1 90 37 45 11 47 22 16 54 41" score=15669.975648194235>
Generation no:801
Best individual: <Individual chromosome="25 91 29 89 40 98 87 59 7 96 68 92 50 35 39 77 66 99 82 93 6 80 20 86 73 69 81 79 56 30 33 14 83 60 5 57 27 2 12 0 9 19 31 76 72 45 37 46 17 70 24 55 95 58 42 85 94 32 53 75 13 71 15 1 8 28 4 74 52 64 62 51 63 61 16 36 54 21 10 43 26 38 97 48 23 18 34 44 88 90 65 49 78 67 22 41 84 47 3 11" score=13159.069461215886>
Generation no:1001
Best individual: <Individual chromosome="5 68 0 99 66 77 60 44 79 59 69 33 87 92 39 73 19 31 70 91 46 24 17 89 29 27 81 7 25 14 82 12 57 9 35 42 76 6 53 72 37 95 58 55 94 32 71 15 80 93 98 2 40 83 85 11 74 4 3 45 48 13 75 28 64 62 52 43 30 54 97 38 20 8 50 49 47 90 16 23 22 88 96 56 86 67 18 1 61 36 78 41 51 65 84 10 21 34 26 63" score=11610.036579401041>
Generation no:1201
Best individual: <Individual chromosome="91 46 24 29 89 17 27 25 98 40 76 55 72 37 95 53 32 71 94 15 93 6 45 75 62 64 13 52 47 11 85 58 12 42 70 87 7 2 80 4 74 68 5 14 83 28 33 81 57 59 66 77 69 82 50 31 92 60 44 20 43 99 49 79 0 39 35 73 8 19 30 9 86 56 10 96 38 88 67 78 54 1 48 26 18 90 61 21 34 36 16 41 23 22 63 84 3 65 51 97" score=9070.016587182152>
Generation no:1401
Best individual: <Individual chromosome="46 24 17 89 29 98 40 76 55 95 72 37 94 32 71 15 53 58 6 2 75 12 13 62 93 45 64 52 47 11 85 28 80 4 42 27 91 25 70 87 33 81 7 57 59 83 82 69 60 77 92 44 66 74 20 79 50 99 68 5 19 0 35 39 73 56 86 30 9 31 8 14 43 38 49 96 10 34 21 88 23 67 18 22 61 41 63 36 1 97 90 26 16 84 78 54 51 3 48 65" score=7040.300991376674>
Generation no:1601
Best individual: <Individual chromosome="46 24 89 17 29 40 76 55 72 58 37 95 94 71 15 32 53 75 12 93 6 45 64 52 47 11 13 62 80 28 85 4 2 42 98 27 91 25 70 33 87 81 7 57 59 83 74 82 60 69 77 44 66 79 20 99 50 92 68 5 0 35 39 56 86 73 30 9 31 19 14 49 8 43 38 96 10 21 34 67 88 22 18 36 61 41 23 63 1 26 16 78 90 97 48 51 3 54 84 65" score=5613.443432215431>
Generation no:1801
Best individual: <Individual chromosome="46 24 89 17 29 40 76 95 55 72 58 37 94 71 15 32 53 12 93 6 45 64 11 52 47 13 62 75 80 85 28 4 42 2 25 98 27 91 70 33 87 81 7 57 59 83 74 82 60 69 77 44 66 79 20 99 50 92 5 68 0 35 39 56 86 73 30 9 31 19 14 8 43 49 38 96 10 21 34 88 67 22 18 36 16 61 41 23 63 1 26 78 97 90 3 54 84 51 48 65" score=5339.088033077643>
Generation no:2001
Best individual: <Individual chromosome="46 24 89 17 29 40 37 55 72 58 76 95 94 15 32 53 71 12 93 6 45 64 11 52 47 13 75 62 80 85 28 4 42 2 25 98 91 27 70 33 87 81 7 57 74 83 49 59 82 60 69 77 44 66 79 20 99 50 92 5 68 0 35 39 56 86 73 30 9 31 19 14 8 43 38 96 10 21 34 88 67 22 18 36 61 16 41 63 23 1 26 78 90 97 51 3 54 84 48 65" score=5172.32811252534>
Generation no:2201
Best individual: <Individual chromosome="46 24 89 17 29 40 55 76 72 58 37 95 94 71 15 32 53 12 93 6 45 64 11 52 47 13 62 75 80 83 85 28 4 42 2 25 98 91 27 70 33 87 81 7 57 74 59 82 60 69 77 44 66 79 20 50 99 92 5 68 0 35 39 56 86 73 30 9 31 19 14 8 43 49 38 96 10 21 34 88 67 22 18 36 61 16 41 23 63 1 26 78 90 97 51 3 54 84 65 48" score=5139.143625541571>
Generation no:2401
Best individual: <Individual chromosome="46 24 89 17 29 40 55 76 72 58 37 95 94 71 15 32 53 12 93 6 45 64 11 52 47 13 62 75 80 85 28 4 42 2 25 98 91 27 70 33 87 81 7 57 83 74 59 82 60 69 77 44 66 79 20 31 50 99 92 5 68 0 35 39 56 86 73 30 9 19 14 8 43 49 38 96 10 21 34 88 67 22 18 36 16 61 41 63 23 1 26 78 90 97 51 3 54 84 65 48" score=5136.649563192078>
Generation no:2601
Best individual: <Individual chromosome="46 24 89 17 29 40 55 76 72 58 37 95 94 71 15 32 53 12 93 6 45 64 11 52 47 13 62 75 80 85 28 4 42 2 25 98 91 27 70 33 87 81 7 57 83 74 59 82 60 69 77 44 66 79 20 50 99 92 5 68 0 35 39 56 86 73 30 9 31 19 14 8 43 38 96 10 21 34 88 67 22 18 36 16 61 41 63 23 1 26 78 90 97 65 51 3 54 84 48 49" score=5135.526592030308>
Generation no:2801
Best individual: <Individual chromosome="46 24 89 17 29 40 55 76 72 58 37 95 94 71 15 32 53 12 93 6 45 64 11 52 47 13 62 75 80 85 28 4 42 2 25 98 91 27 70 33 87 81 7 57 83 74 59 82 60 69 77 44 66 79 20 50 99 92 5 68 0 35 39 56 86 73 30 9 31 19 14 8 43 38 96 10 21 34 88 67 22 18 36 16 61 41 63 23 1 26 78 90 97 65 51 3 54 84 48 49" score=5135.526592030308>
Generation no:3001
Best individual: <Individual chromosome="46 24 89 17 29 40 37 76 72 58 55 95 94 32 15 71 53 12 93 6 45 64 11 52 47 13 62 75 80 85 28 4 42 2 25 98 91 27 70 33 87 81 7 57 83 74 59 82 60 69 77 44 66 79 20 50 99 92 5 68 0 35 39 56 86 73 30 9 31 19 14 8 43 49 38 96 10 21 34 88 67 22 18 36 16 61 41 63 23 1 26 78 90 97 51 3 54 84 65 48" score=5125.554033420842>
Generation no:3201
Best individual: <Individual chromosome="46 24 89 17 29 40 55 76 72 58 37 95 94 71 15 32 53 12 93 6 45 64 11 52 47 13 62 75 80 85 28 4 42 2 25 98 91 27 70 33 87 81 7 57 83 74 59 82 60 69 77 44 66 20 79 31 50 99 92 5 68 0 35 39 56 86 73 30 9 19 14 8 43 49 38 96 10 21 34 88 67 22 18 36 16 61 41 23 63 1 26 78 90 97 51 3 54 84 65 48" score=5121.724579904191>
Generation no:3401
Best individual: <Individual chromosome="46 24 17 29 89 40 55 76 72 58 37 95 94 32 15 71 53 12 93 6 45 13 11 52 47 64 62 75 80 85 28 4 42 2 25 98 91 27 70 33 87 81 7 57 83 74 59 82 60 69 77 44 66 79 20 50 99 92 5 68 0 35 39 56 86 73 30 9 31 19 14 8 43 49 38 96 10 21 34 88 67 22 18 36 16 61 41 63 23 1 26 78 90 97 51 3 54 84 65 48" score=5110.743554612284>
Generation no:3601
Best individual: <Individual chromosome="46 24 89 17 29 40 55 76 72 58 37 95 94 32 15 71 53 45 6 93 12 64 11 52 47 13 62 75 80 85 28 4 42 2 25 98 91 27 70 33 87 81 7 57 83 74 59 82 60 69 44 66 77 79 20 50 99 92 5 68 0 35 39 56 86 73 30 9 31 19 14 8 43 49 38 96 10 21 34 88 67 22 18 36 16 61 41 23 63 1 26 78 90 97 51 3 54 84 48 65" score=5094.362442679459>
Generation no:3801
Best individual: <Individual chromosome="46 24 89 17 29 40 55 76 72 58 37 95 94 32 15 71 53 45 6 93 12 64 11 52 47 13 62 75 80 85 28 4 42 2 25 98 91 27 70 33 87 81 7 57 83 74 59 82 60 69 44 66 77 79 20 50 99 92 5 68 0 35 39 56 86 73 30 9 31 19 14 8 43 49 38 96 10 21 34 88 67 22 18 36 16 61 41 23 63 1 26 78 90 97 51 3 54 84 48 65" score=5094.362442679459>
Generation no:4001
Best individual: <Individual chromosome="46 24 89 17 29 40 55 76 72 37 58 95 94 32 15 71 53 12 93 6 45 13 11 52 47 64 62 75 80 85 28 4 42 2 25 98 91 27 70 33 87 81 7 57 83 49 74 59 82 60 69 77 44 66 79 20 50 99 92 5 68 0 35 39 56 86 73 30 9 31 19 14 8 43 38 96 10 21 34 88 67 22 18 36 16 61 41 63 23 1 26 78 90 97 51 3 54 84 65 48" score=5082.456507577561>
Generation no:4201
Best individual: <Individual chromosome="46 24 89 17 29 40 55 76 72 37 58 95 94 32 15 71 53 12 93 6 45 13 11 52 47 64 62 75 80 85 28 4 42 2 25 98 91 27 70 33 87 81 7 57 83 49 74 59 82 60 69 77 44 66 79 20 50 99 92 5 68 0 35 39 56 86 73 30 9 31 19 14 8 43 38 96 10 21 34 88 67 22 18 36 16 61 41 63 23 1 26 78 90 97 51 3 54 84 65 48" score=5082.456507577561>
Generation no:4401
Best individual: <Individual chromosome="46 24 89 17 29 40 55 76 72 37 58 95 94 32 15 71 53 12 93 6 45 13 11 52 47 64 62 75 80 85 28 4 42 2 25 98 91 27 70 33 87 81 7 57 83 49 74 59 82 60 69 77 44 66 79 20 50 99 92 5 68 0 35 39 56 86 73 30 9 31 19 14 8 43 38 96 10 21 34 88 67 22 18 36 16 61 41 63 23 1 26 78 90 97 51 3 54 84 65 48" score=5082.456507577561>
Generation no:4601
Best individual: <Individual chromosome="46 24 89 29 17 40 55 76 72 37 58 95 94 32 15 71 53 12 93 6 45 13 11 52 47 64 62 75 80 85 28 4 42 2 25 98 91 27 70 33 87 81 7 57 83 74 59 82 60 69 77 44 66 79 20 31 50 99 92 5 68 0 35 39 56 86 73 30 9 19 14 8 43 49 38 96 10 21 34 88 67 22 18 36 16 61 41 23 63 1 26 78 90 97 51 3 54 84 65 48" score=5077.10185574969>
Generation no:4801
Best individual: <Individual chromosome="46 24 89 29 17 40 55 76 72 58 95 94 32 15 71 53 12 93 6 37 45 13 11 52 47 64 62 75 80 85 28 4 42 2 25 98 91 27 70 33 87 81 7 57 83 74 59 82 60 69 77 44 66 79 20 31 50 99 92 5 68 0 35 39 56 86 73 30 9 19 14 8 43 49 38 96 10 21 34 88 67 22 18 36 16 61 41 63 23 1 26 78 90 97 51 3 54 84 65 48" score=5072.844585890017>
Generation no:5001
Best individual: <Individual chromosome="46 24 89 29 17 40 55 76 72 58 95 94 32 15 71 53 12 93 6 37 45 13 11 52 47 64 62 75 80 85 28 4 42 2 25 98 91 27 70 33 87 81 7 57 83 49 74 59 82 60 69 77 44 66 79 20 50 99 92 5 68 0 35 39 56 86 73 30 9 31 19 14 8 43 38 96 10 21 34 88 67 22 18 36 16 61 41 23 63 1 26 78 90 97 51 3 54 84 65 48" score=5068.0372127874125>
Generation no:5201
Best individual: <Individual chromosome="46 24 89 29 17 40 55 76 72 58 95 94 32 15 71 53 12 93 6 37 45 13 11 52 47 64 62 75 80 85 28 4 42 2 25 98 91 27 70 33 87 81 7 57 83 49 74 59 82 60 69 77 44 66 79 20 50 99 92 5 68 0 35 39 56 86 73 30 9 31 19 14 8 43 38 96 10 21 34 88 67 22 18 36 16 61 41 23 63 1 26 78 90 97 51 3 54 84 65 48" score=5068.0372127874125>
Generation no:5401
Best individual: <Individual chromosome="46 24 89 29 17 40 55 76 72 58 95 94 32 15 71 53 12 93 6 37 45 13 11 52 47 64 62 75 80 85 28 4 42 2 25 98 91 27 70 33 87 81 7 57 83 74 59 82 60 69 77 44 66 79 20 31 50 99 92 5 68 0 35 39 56 86 73 9 30 19 14 8 43 49 38 96 10 21 34 88 67 22 18 36 16 61 41 63 23 1 26 78 90 97 51 3 54 84 65 48" score=5066.217189293987>
Generation no:5601
Best individual: <Individual chromosome="46 24 89 29 17 40 55 76 72 58 95 94 32 15 71 53 12 93 6 37 45 13 11 52 47 64 62 75 80 85 28 4 42 2 25 98 91 27 70 33 87 81 7 57 83 74 59 82 60 69 77 44 66 79 20 31 50 99 92 5 68 0 35 39 56 86 73 9 30 19 14 8 43 49 38 96 10 21 34 88 67 22 18 36 16 61 41 63 23 1 26 78 90 97 51 3 54 84 65 48" score=5066.217189293987>
Generation no:5801
Best individual: <Individual chromosome="46 24 89 29 17 40 55 76 72 58 95 94 32 15 71 53 12 93 6 37 45 13 11 52 47 64 62 75 80 85 28 4 42 2 25 98 91 27 70 33 87 81 7 57 83 74 59 82 60 69 77 44 66 79 20 31 50 99 92 5 68 0 35 39 56 86 73 9 30 19 14 8 43 49 38 96 10 21 34 88 67 22 18 36 16 61 41 63 23 1 26 78 90 97 51 3 54 84 65 48" score=5066.217189293987>
Generation no:6001
Best individual: <Individual chromosome="46 24 89 29 17 40 55 76 72 58 95 94 32 15 71 53 12 93 6 37 45 13 11 52 47 64 62 75 80 85 28 4 42 2 25 98 91 27 70 33 87 81 7 57 83 74 59 82 60 69 77 44 66 79 20 31 50 99 92 5 68 0 35 39 56 86 73 9 30 19 14 8 43 49 38 96 10 21 34 88 67 22 18 36 16 61 41 63 23 1 26 78 90 97 51 3 54 84 65 48" score=5066.217189293987>
Generation no:6201
Best individual: <Individual chromosome="46 24 89 29 17 40 55 76 72 58 95 94 32 15 71 53 12 93 6 37 45 13 11 52 47 64 62 75 80 85 28 4 42 2 25 98 91 27 70 33 87 81 7 57 83 74 59 82 60 69 77 44 66 79 20 31 50 99 92 5 68 0 35 39 56 86 73 9 30 19 14 8 43 49 38 96 10 21 34 88 67 22 18 36 16 61 41 63 23 1 26 78 90 97 51 3 54 84 65 48" score=5066.217189293987>
Generation no:6401
Best individual: <Individual chromosome="46 24 89 29 17 40 55 76 72 58 95 94 32 15 71 53 12 93 6 37 45 13 11 52 47 64 62 75 80 85 28 4 42 2 25 98 91 27 70 33 87 81 7 57 83 74 59 82 60 69 77 44 66 79 20 31 50 99 92 5 68 0 35 39 56 86 73 9 30 19 14 8 43 49 38 96 10 21 34 88 67 22 18 36 16 61 41 63 23 1 26 78 90 97 51 3 54 84 65 48" score=5066.217189293987>
Generation no:6601
Best individual: <Individual chromosome="46 24 89 29 17 40 58 76 72 55 95 94 32 15 71 53 12 93 6 37 45 13 11 52 47 64 62 75 80 85 28 4 42 2 25 98 91 27 70 33 87 81 7 57 83 74 59 82 60 69 77 44 66 31 79 20 50 99 92 5 68 0 35 39 56 86 73 30 9 19 14 8 43 49 38 96 10 21 34 88 67 22 18 36 16 61 41 63 23 1 26 78 90 97 51 3 54 84 65 48" score=5058.302709484903>
Generation no:6801
Best individual: <Individual chromosome="46 24 89 29 17 40 55 76 72 58 95 94 32 15 71 53 12 93 6 37 45 13 11 52 47 64 62 75 80 85 28 4 42 2 25 98 91 27 70 33 87 81 7 57 83 74 59 82 60 69 77 44 66 20 79 31 50 99 92 5 68 0 35 39 86 73 56 30 9 19 14 8 43 49 38 96 10 21 34 88 67 22 18 36 16 61 41 63 23 1 26 78 90 97 51 3 54 84 65 48" score=5053.512444205378>
Generation no:7001
Best individual: <Individual chromosome="46 24 89 29 17 40 55 76 72 58 95 94 32 15 71 53 12 93 6 37 45 13 11 52 47 64 62 75 80 85 28 4 42 2 25 98 91 27 70 33 87 81 7 57 83 74 59 82 60 69 77 44 66 20 79 31 50 99 92 5 68 0 35 39 86 73 56 30 9 19 14 8 43 49 38 96 10 21 34 88 67 22 18 36 16 61 41 63 23 1 26 78 90 97 51 3 54 84 65 48" score=5053.512444205378>
Generation no:7201
Best individual: <Individual chromosome="46 24 89 29 17 40 55 76 72 58 95 94 32 15 71 53 12 93 6 37 45 13 11 52 47 64 62 75 80 85 28 4 42 2 25 98 91 27 70 33 87 81 7 57 74 59 82 60 69 77 44 66 20 79 50 99 92 5 68 0 35 39 56 86 73 30 9 31 19 14 8 43 49 38 96 10 21 34 88 67 22 18 36 16 61 41 63 23 1 26 78 90 97 51 3 54 84 65 48 83" score=5029.406345553322>
Generation no:7401
Best individual: <Individual chromosome="46 24 89 29 17 40 55 76 72 58 95 94 32 15 71 53 12 93 6 37 45 13 11 52 47 64 62 75 80 85 28 4 42 2 25 98 91 27 70 33 87 81 7 57 74 59 82 60 69 77 44 66 20 79 50 99 92 5 68 0 35 39 56 86 73 30 9 31 19 14 8 43 49 38 96 10 21 34 88 67 22 18 36 16 61 41 63 23 1 26 78 90 97 51 3 54 84 65 48 83" score=5029.406345553322>
Generation no:7601
Best individual: <Individual chromosome="46 24 89 29 17 40 55 76 72 58 95 94 32 15 71 53 12 93 6 37 45 13 11 52 47 64 62 75 80 85 28 4 42 2 25 98 91 27 70 33 87 81 7 57 74 59 82 60 69 77 44 66 20 79 50 99 92 5 68 0 35 39 56 86 73 30 9 31 19 14 8 43 49 38 96 10 21 34 88 67 22 18 36 16 61 41 63 23 1 26 78 90 97 51 3 54 84 65 48 83" score=5029.406345553322>
Generation no:7801
Best individual: <Individual chromosome="46 24 89 29 17 40 55 76 72 58 95 94 32 15 71 53 12 93 6 37 45 13 11 52 47 64 62 75 80 85 28 4 42 2 25 98 91 27 70 33 87 81 7 57 74 59 82 60 69 77 44 66 20 79 50 99 92 5 68 0 35 39 56 86 73 30 9 31 19 14 8 43 49 38 96 10 21 34 88 67 22 18 36 16 61 41 63 23 1 26 78 90 97 51 3 54 84 65 48 83" score=5029.406345553322>
Generation no:8001
Best individual: <Individual chromosome="46 24 89 29 17 40 55 76 72 58 95 94 32 15 71 53 12 93 6 37 45 13 11 52 47 64 62 75 80 85 28 4 42 2 25 98 91 27 70 33 87 81 7 57 74 59 82 60 69 77 44 66 20 79 50 99 92 5 68 0 35 39 56 86 73 30 9 31 19 14 8 43 49 38 96 10 21 34 88 67 22 18 36 16 61 41 63 23 1 26 78 90 97 51 3 54 84 65 48 83" score=5029.406345553322>
Generation no:8201
Best individual: <Individual chromosome="46 24 89 29 17 40 55 76 72 58 95 94 32 15 71 53 12 93 6 37 45 13 11 52 47 64 62 75 80 85 28 4 42 2 25 98 91 27 70 33 87 81 7 57 74 59 82 60 69 77 44 66 20 79 50 99 92 5 68 0 35 39 56 86 73 30 9 31 19 14 8 43 49 38 96 10 21 34 88 67 22 18 36 16 61 41 63 23 1 26 78 90 97 51 3 54 84 65 48 83" score=5029.406345553322>
Generation no:8401
Best individual: <Individual chromosome="46 24 89 29 17 40 58 95 76 72 55 94 32 15 71 53 12 93 6 37 45 13 11 52 47 64 62 75 80 85 28 4 42 2 25 98 91 27 70 33 87 81 7 57 74 59 82 60 69 77 44 66 20 79 50 99 92 5 68 0 35 39 56 86 73 30 9 31 19 14 8 43 49 38 96 10 21 34 88 67 22 18 36 16 61 41 63 23 1 26 78 90 97 51 3 54 84 65 48 83" score=4986.8378365842555>
Generation no:8601
Best individual: <Individual chromosome="46 24 89 29 17 40 58 95 76 72 55 94 32 15 71 53 12 93 6 37 45 13 11 52 47 64 62 75 80 85 28 4 42 2 25 98 91 27 70 33 87 81 7 57 74 59 82 60 69 77 44 66 20 79 50 99 92 5 68 0 35 39 56 86 73 30 9 31 19 14 8 43 49 38 96 10 21 34 88 67 22 18 36 16 61 41 63 23 1 26 78 90 97 51 3 54 84 65 48 83" score=4986.8378365842555>
Generation no:8801
Best individual: <Individual chromosome="46 24 89 29 17 40 58 95 76 72 55 94 32 15 71 53 12 93 6 37 45 13 11 52 47 64 62 75 80 85 28 4 42 2 25 98 91 27 70 33 87 81 7 57 74 59 82 60 69 77 44 66 20 79 50 99 92 5 68 0 35 39 56 86 73 30 9 31 19 14 8 43 49 38 96 10 21 34 88 67 22 18 36 16 61 41 63 23 1 26 78 90 97 51 3 54 84 65 48 83" score=4986.8378365842555>
Generation no:9001
Best individual: <Individual chromosome="46 24 89 29 17 40 58 95 76 72 55 94 32 15 71 53 12 93 6 37 45 13 11 52 47 64 62 75 80 85 28 4 42 2 25 98 91 27 70 33 87 81 7 57 74 59 82 60 69 77 44 66 20 79 50 99 92 5 68 0 35 39 56 86 73 30 9 31 19 14 8 43 49 38 96 10 21 34 88 67 22 18 36 16 61 41 63 23 1 26 78 90 97 51 3 54 84 65 48 83" score=4986.8378365842555>
Generation no:9201
Best individual: <Individual chromosome="46 24 89 29 17 40 58 95 76 72 55 94 32 15 71 53 12 93 6 37 45 13 11 52 47 64 62 75 80 85 28 4 42 2 25 98 91 27 70 33 87 81 7 57 74 59 82 60 69 77 44 66 20 79 50 99 92 5 68 0 35 39 56 86 73 30 9 31 19 14 8 43 49 38 96 10 21 34 88 67 22 18 36 16 61 41 63 23 1 26 78 90 97 51 3 54 84 65 48 83" score=4986.8378365842555>
Generation no:9401
Best individual: <Individual chromosome="46 24 89 29 17 40 58 95 76 72 55 94 32 15 71 53 12 93 6 37 45 13 11 52 47 64 62 75 80 85 28 4 42 2 25 98 91 27 70 33 87 81 7 57 74 59 82 60 69 77 44 66 20 79 50 99 92 5 68 0 35 39 56 86 73 30 9 31 19 14 8 43 49 38 96 10 21 34 88 67 22 18 36 16 61 41 63 23 1 26 78 90 97 51 3 54 84 65 48 83" score=4986.8378365842555>
Generation no:9601
Best individual: <Individual chromosome="46 24 89 29 17 40 58 95 76 72 55 94 32 15 71 53 12 93 6 37 45 13 11 52 47 64 62 75 80 85 28 4 42 2 25 98 91 27 70 33 87 81 7 57 74 59 82 60 69 77 44 66 20 79 50 99 92 5 68 0 35 39 56 86 73 30 9 31 19 14 8 43 49 38 96 10 21 34 88 67 22 18 36 16 61 41 63 23 1 26 78 90 97 51 3 54 84 65 48 83" score=4986.8378365842555>
Generation no:9801
Best individual: <Individual chromosome="46 24 89 29 17 40 58 95 76 72 55 94 32 15 71 53 12 93 6 37 45 13 11 52 47 64 62 75 80 85 28 4 42 2 25 98 91 27 70 33 87 81 7 57 74 59 82 60 69 77 44 66 20 79 50 99 92 5 68 0 35 39 56 86 73 30 9 31 19 14 8 43 49 38 96 10 21 34 88 67 22 18 36 16 61 41 63 23 1 26 78 90 97 51 3 54 84 65 48 83" score=4986.8378365842555>
..................Result.........................
<Individual chromosome="46 24 89 29 17 40 58 95 76 72 55 94 32 15 71 53 12 93 6 37 45 13 11 52 47 64 62 75 80 85 28 4 42 2 25 98 91 27 70 33 87 81 7 57 74 59 82 60 69 77 44 66 20 79 50 99 92 5 68 0 35 39 56 86 73 30 9 31 19 14 8 43 49 38 96 10 21 34 88 67 22 18 36 16 61 41 63 23 1 26 78 90 97 51 3 54 84 65 48 83" score=4986.8378365842555>
The plot was saved into the TSPresult_GA_crossover_run_1.png file.

AVERAGE ON RUNS =%.02f 4739.209744020018
..................End.........................
