..................Start.........................
birthrate = 0.4 operator = crossover
Run: 0
The plot was saved into the TSPstart_GA_mutate_whole.png file.
Generation no:1
Best individual: <Individual chromosome="47 72 55 52 41 86 67 13 59 20 76 28 21 16 51 49 54 1 7 63 58 12 39 84 65 53 48 94 5 96 35 19 68 70 26 66 91 6 4 0 82 44 92 80 8 30 98 78 71 11 42 2 34 88 23 37 45 93 36 14 75 81 85 99 83 31 62 50 32 61 9 22 56 97 18 25 89 17 69 29 46 77 64 15 3 95 87 60 90 33 40 24 43 74 10 79 57 73 27 38" score=23170.07008546159>
Generation no:201
Best individual: <Individual chromosome="73 7 60 8 19 50 88 83 62 85 93 53 38 1 0 66 35 44 27 25 29 89 98 91 70 4 78 97 49 30 82 20 33 5 92 81 58 94 64 51 15 47 43 87 13 95 79 6 55 76 3 71 52 11 32 40 26 41 16 69 68 54 67 61 22 18 10 59 14 17 99 12 2 9 56 86 39 57 48 84 90 37 75 45 24 42 72 65 36 21 77 80 28 46 63 96 23 34 74 31" score=17498.45271505575>
Generation no:401
Best individual: <Individual chromosome="72 76 55 32 53 95 6 58 45 12 4 28 62 80 97 78 13 93 42 17 71 15 43 94 46 33 57 20 82 8 85 40 25 2 77 69 83 26 84 65 88 60 19 11 48 49 38 64 79 14 29 23 34 9 73 68 67 41 63 54 51 61 89 98 70 24 27 66 81 21 92 74 59 7 44 99 5 0 10 96 39 35 56 18 22 87 50 90 1 16 3 86 30 36 31 52 47 75 91 37" score=15477.007935009164>
Generation no:601
Best individual: <Individual chromosome="45 53 94 72 95 12 32 71 76 27 89 46 91 29 17 33 70 47 64 15 98 4 42 11 52 6 62 61 2 80 57 74 7 75 83 87 40 25 24 85 37 55 58 66 8 68 30 28 84 54 16 97 49 65 90 18 1 78 41 26 13 21 50 88 96 31 14 0 9 10 44 5 48 93 63 3 51 23 36 22 43 92 38 59 79 81 82 77 67 60 69 20 19 86 56 35 39 34 73 99" score=14870.12623638979>
Generation no:801
Best individual: <Individual chromosome="91 17 29 27 89 40 37 13 47 15 76 72 53 71 32 95 58 64 94 55 6 98 2 4 62 75 12 45 93 25 85 52 80 57 70 24 18 83 78 84 46 42 20 11 65 3 97 54 26 16 63 48 51 90 61 49 69 87 81 33 74 36 8 60 23 28 41 22 1 59 43 79 7 31 50 21 67 96 19 82 14 38 88 9 99 77 73 30 10 34 44 66 0 68 5 35 86 56 92 39" score=12329.13351416212>
Generation no:1001
Best individual: <Individual chromosome="17 29 76 95 58 93 2 45 94 32 72 55 62 75 12 64 52 13 53 6 37 47 15 65 97 63 84 54 51 90 48 3 61 36 26 16 71 85 4 11 83 80 98 28 42 40 24 70 33 60 87 81 7 82 57 46 74 91 27 25 89 69 59 50 14 38 41 1 23 20 22 43 79 31 34 88 30 78 96 18 49 67 8 21 77 9 10 19 99 66 44 5 68 56 86 73 0 39 35 92" score=10672.877573916641>
Generation no:1201
Best individual: <Individual chromosome="76 95 55 37 6 12 62 13 53 58 94 72 52 71 32 15 47 64 11 65 97 84 48 3 61 36 16 90 54 51 26 45 93 80 75 2 98 91 46 40 25 42 28 4 60 69 29 89 17 33 24 82 87 81 27 70 85 57 7 83 74 49 78 1 43 8 41 63 23 38 59 20 79 14 22 96 10 67 18 21 34 88 19 9 50 99 77 66 31 30 39 56 92 73 86 0 68 35 5 44" score=8573.47410654597>
Generation no:1401
Best individual: <Individual chromosome="76 55 95 37 6 12 13 53 71 32 15 94 72 64 11 52 47 65 84 48 3 51 54 97 90 61 36 16 26 58 45 93 80 75 62 2 98 40 91 42 83 25 46 70 27 17 89 29 24 87 69 60 82 33 81 7 28 4 85 59 57 74 49 41 63 1 78 23 38 43 14 8 31 79 20 67 18 22 88 96 34 21 10 19 30 9 50 99 86 56 73 35 39 0 5 68 92 66 44 77" score=6595.697759878796>
Generation no:1601
Best individual: <Individual chromosome="76 95 55 37 6 12 13 53 71 15 94 32 72 64 11 52 47 65 84 48 51 3 54 97 90 61 36 16 26 58 45 93 80 83 75 62 2 42 40 91 25 98 46 70 27 17 89 29 24 87 82 69 60 33 81 7 59 57 28 4 85 74 49 78 41 63 1 23 38 43 14 31 79 20 8 67 18 88 22 34 21 10 96 19 9 30 50 99 73 86 56 39 35 0 68 5 92 44 66 77" score=5992.89280562695>
Generation no:1801
Best individual: <Individual chromosome="76 55 37 6 53 71 15 32 94 72 95 64 13 11 52 47 65 84 48 51 97 90 3 54 61 36 16 26 58 45 93 12 75 62 83 80 2 42 91 40 25 98 46 70 27 17 89 29 24 87 82 69 60 33 81 7 57 59 28 4 85 74 49 78 41 63 1 23 38 43 14 8 31 79 20 67 18 22 88 34 21 10 96 19 9 30 50 99 56 73 86 39 35 0 68 5 92 44 66 77" score=5774.83289880005>
Generation no:2001
Best individual: <Individual chromosome="76 55 37 6 53 15 32 94 72 95 13 64 11 52 47 65 84 48 51 97 90 3 54 26 61 36 16 71 58 45 93 12 75 83 80 62 2 42 91 40 25 98 46 70 27 17 89 29 24 33 82 69 60 87 81 7 57 59 28 4 85 74 49 78 41 63 1 23 38 43 14 8 79 20 31 67 18 22 88 34 21 10 96 19 9 30 50 99 56 73 86 39 35 0 68 5 92 44 66 77" score=5683.656949331915>
Generation no:2201
Best individual: <Individual chromosome="76 55 37 6 53 15 32 94 95 72 13 64 11 52 47 65 84 48 51 97 90 3 54 16 36 61 26 71 58 45 93 12 75 83 80 62 42 2 40 91 25 98 46 70 27 17 89 29 24 33 82 69 60 87 81 7 57 59 28 4 85 74 49 78 41 63 1 23 38 43 8 14 79 20 31 67 22 18 88 34 21 10 96 19 30 9 50 99 56 73 86 39 35 0 68 5 92 66 44 77" score=5569.358994824646>
Generation no:2401
Best individual: <Individual chromosome="76 55 37 6 53 15 32 94 95 72 13 64 11 52 47 65 48 51 97 90 3 54 16 36 61 26 84 71 58 45 93 12 75 62 80 83 42 2 40 91 25 98 46 70 27 17 89 29 24 33 87 82 69 60 81 7 57 59 28 4 85 74 49 78 41 63 1 23 38 43 8 14 79 20 31 22 18 67 88 34 21 10 96 19 30 9 50 99 56 73 86 39 35 0 68 5 92 66 44 77" score=5469.0434154799805>
Generation no:2601
Best individual: <Individual chromosome="6 55 37 76 53 15 32 94 95 72 13 64 11 52 47 65 48 51 97 3 54 16 36 61 26 78 84 71 58 45 93 12 75 80 83 62 2 42 40 91 98 25 46 70 27 17 89 29 24 33 87 82 69 60 81 7 57 59 28 4 85 74 49 90 1 41 63 23 38 43 8 14 79 20 31 67 22 18 88 34 21 10 96 19 30 9 50 99 56 73 86 39 35 0 68 5 92 66 44 77" score=5463.210311807092>
Generation no:2801
Best individual: <Individual chromosome="6 37 76 55 53 15 32 94 95 72 13 64 11 52 47 65 48 51 97 90 3 54 16 36 61 26 84 71 58 45 93 12 75 80 83 62 2 42 40 91 98 25 46 70 27 17 29 89 24 33 87 60 69 82 81 7 57 59 28 4 85 74 49 78 1 41 63 23 38 43 8 14 79 20 31 67 88 22 18 34 21 10 96 19 30 9 50 99 56 73 86 39 35 0 68 5 92 66 44 77" score=5384.397039664373>
Generation no:3001
Best individual: <Individual chromosome="6 37 76 55 53 15 32 94 95 72 13 64 11 52 47 65 48 51 97 90 3 54 16 36 61 26 84 71 58 45 93 12 75 80 62 2 42 40 91 98 25 46 70 27 17 29 89 24 33 87 82 69 60 81 7 57 59 28 4 85 83 74 49 78 1 41 63 23 38 43 8 14 79 20 31 88 67 22 18 34 21 10 96 19 30 9 50 99 56 73 86 39 35 0 68 5 92 66 44 77" score=5324.707752047794>
Generation no:3201
Best individual: <Individual chromosome="6 37 76 95 53 15 32 94 55 72 13 64 11 52 47 65 48 51 97 90 3 54 16 36 61 26 84 71 58 45 93 12 75 80 62 2 42 40 91 98 25 46 70 27 17 29 89 24 33 87 60 69 82 81 7 57 59 28 4 85 83 74 49 1 78 41 63 23 38 43 8 14 79 20 31 88 67 22 18 34 21 10 96 19 30 9 50 99 56 73 86 39 35 0 68 5 92 66 44 77" score=5292.951580369236>
Generation no:3401
Best individual: <Individual chromosome="6 37 76 95 53 15 32 94 55 72 13 64 11 52 47 65 48 51 97 90 3 54 16 36 61 26 84 71 58 45 93 12 75 80 62 2 42 40 91 98 25 46 70 27 17 29 89 24 33 87 60 69 82 81 7 57 59 28 4 85 83 74 49 1 78 41 63 23 38 43 8 14 79 20 31 88 67 22 18 34 21 10 96 19 30 9 50 99 56 73 86 39 35 0 68 5 92 66 44 77" score=5292.951580369236>
Generation no:3601
Best individual: <Individual chromosome="6 37 76 95 53 15 32 94 55 72 13 64 11 52 47 65 48 51 97 90 3 54 16 36 61 26 84 71 58 45 93 12 75 62 83 80 42 2 40 91 98 25 46 70 27 17 29 89 24 33 87 60 69 82 81 7 57 59 28 4 85 74 49 1 78 41 63 23 38 43 8 14 79 20 31 19 88 67 22 18 34 21 10 96 30 9 50 99 56 73 86 39 35 0 68 5 92 66 44 77" score=5235.917342776891>
Generation no:3801
Best individual: <Individual chromosome="6 37 76 95 53 15 32 94 55 72 13 64 11 52 47 65 48 51 97 90 3 54 16 36 61 26 84 71 58 45 93 12 75 62 80 4 2 42 25 40 91 98 46 70 27 17 29 89 24 33 87 60 69 82 81 7 57 59 28 83 85 74 49 1 78 41 63 23 38 43 8 14 79 20 31 19 88 67 22 18 34 21 10 96 30 9 50 99 56 73 86 39 35 0 68 5 92 44 66 77" score=5220.001733151354>
Generation no:4001
Best individual: <Individual chromosome="6 37 76 95 53 15 32 94 55 72 13 64 11 52 47 65 48 51 97 90 3 54 16 36 61 26 84 71 58 45 93 12 75 62 80 42 2 40 91 25 98 46 70 27 17 29 89 24 33 87 60 69 82 81 7 57 59 28 4 85 83 74 49 1 78 41 63 23 38 43 8 14 79 20 31 19 88 67 22 18 34 21 10 96 30 9 50 99 56 73 86 39 35 0 68 5 92 66 44 77" score=5185.183915730373>
Generation no:4201
Best individual: <Individual chromosome="6 37 95 53 15 32 94 55 76 72 13 64 11 52 47 65 48 51 97 90 3 54 16 36 61 26 84 71 58 45 93 12 75 62 80 4 42 2 40 91 25 98 46 70 27 17 29 89 24 33 87 60 69 82 81 7 57 59 28 83 85 74 49 1 78 41 63 23 38 43 8 14 79 20 31 19 88 67 22 18 34 21 10 96 30 9 50 99 56 73 86 39 35 0 68 5 92 66 44 77" score=5163.423661300916>
Generation no:4401
Best individual: <Individual chromosome="6 37 53 15 32 94 55 76 95 72 13 64 11 52 47 65 48 51 97 90 3 54 16 36 61 26 84 71 58 45 93 12 75 62 80 4 42 2 40 91 25 98 46 70 27 17 29 89 24 33 87 60 69 82 81 7 57 59 28 83 85 74 49 1 78 41 63 23 38 43 8 14 79 20 31 19 88 67 22 18 34 21 10 96 30 9 50 99 56 73 86 39 35 0 68 5 92 66 44 77" score=5146.332479656982>
Generation no:4601
Best individual: <Individual chromosome="6 37 53 15 32 94 55 76 95 72 13 64 11 52 47 48 51 97 90 3 54 16 36 61 26 84 65 71 58 45 93 12 75 62 80 4 42 2 40 91 25 98 46 70 27 17 29 89 24 33 87 60 69 82 81 7 57 59 28 83 85 74 49 1 78 41 63 23 38 43 8 14 79 20 31 19 88 67 22 18 34 21 10 96 30 9 50 99 56 73 86 39 35 0 68 5 92 66 44 77" score=5119.439071172473>
Generation no:4801
Best individual: <Individual chromosome="6 37 53 15 32 94 55 76 95 72 13 64 11 52 47 48 51 97 90 3 54 16 36 61 26 84 65 71 58 45 93 12 75 62 80 4 42 2 40 91 25 98 46 70 27 17 29 89 24 33 87 60 69 82 81 7 57 59 28 83 85 74 49 1 78 41 63 23 38 43 8 14 79 20 31 19 88 67 22 18 34 21 10 96 30 9 50 99 56 73 86 39 35 0 68 5 92 66 44 77" score=5119.439071172473>
Generation no:5001
Best individual: <Individual chromosome="6 37 58 15 32 94 55 76 95 72 13 64 11 52 47 48 51 97 90 3 54 16 36 61 26 84 65 71 53 45 93 12 75 62 80 4 42 2 40 91 25 98 46 70 27 17 29 89 24 33 87 60 69 82 81 7 57 59 28 83 85 74 49 1 78 41 63 23 38 43 8 14 79 20 31 19 88 67 22 18 34 21 10 96 30 9 50 99 56 73 86 39 35 0 68 5 92 66 44 77" score=5095.283465337738>
Generation no:5201
Best individual: <Individual chromosome="6 37 58 15 32 94 55 76 95 72 13 64 11 52 47 48 51 97 90 3 54 16 36 61 26 84 65 71 53 45 93 12 75 62 80 4 42 2 40 91 25 98 46 70 27 17 29 89 24 33 87 60 69 82 81 7 57 59 28 83 85 74 49 1 78 41 63 23 38 43 8 14 79 20 31 19 88 67 22 18 34 21 10 96 30 9 50 99 56 73 86 39 35 0 68 5 92 66 44 77" score=5095.283465337738>
Generation no:5401
Best individual: <Individual chromosome="6 37 58 15 32 94 55 76 95 72 13 64 11 52 47 48 51 97 90 3 54 16 36 61 26 84 65 71 53 45 93 12 75 62 80 4 42 2 40 91 25 98 46 70 27 17 29 89 24 33 87 60 69 82 81 7 57 59 28 83 85 74 49 1 78 41 63 23 38 43 8 14 79 20 31 19 88 67 22 18 34 21 10 96 30 9 50 99 56 73 86 39 35 0 68 5 92 66 44 77" score=5095.283465337738>
Generation no:5601
Best individual: <Individual chromosome="6 37 58 15 32 94 55 76 95 72 13 64 11 52 47 48 51 97 90 3 54 16 36 61 26 84 65 71 53 45 93 12 75 62 80 4 42 2 40 91 25 98 46 70 27 17 29 89 24 33 87 60 69 82 81 7 57 59 28 83 85 74 49 1 78 41 63 23 38 43 8 14 79 20 31 19 88 67 22 18 34 21 10 96 30 9 50 99 56 73 86 39 35 0 68 5 92 66 44 77" score=5095.283465337738>
Generation no:5801
Best individual: <Individual chromosome="6 37 58 15 32 94 55 76 95 72 13 64 11 52 47 48 51 97 90 3 54 16 36 61 26 84 65 71 53 45 93 12 75 62 80 4 42 2 40 91 25 98 46 70 27 17 29 89 24 33 87 60 69 82 81 7 57 59 28 83 85 74 49 1 78 41 63 23 38 43 8 14 79 20 31 19 88 67 22 18 34 21 10 96 30 9 50 99 56 73 86 39 35 0 68 5 92 66 44 77" score=5095.283465337738>
Generation no:6001
Best individual: <Individual chromosome="6 37 58 15 32 94 55 76 95 72 13 64 11 52 47 48 51 97 90 3 54 16 36 61 26 84 65 71 53 45 93 12 75 62 80 4 42 2 40 91 25 98 46 70 27 17 29 89 24 33 87 60 69 82 81 7 57 59 28 83 85 74 49 1 78 41 63 23 38 43 8 14 79 20 31 19 88 67 22 18 34 21 10 96 30 9 50 99 56 73 86 39 35 0 68 5 92 66 44 77" score=5095.283465337738>
Generation no:6201
Best individual: <Individual chromosome="6 37 58 15 32 94 55 76 95 72 13 64 11 52 47 48 51 97 90 3 54 16 36 61 26 84 65 71 53 45 93 12 75 62 80 4 42 2 40 91 25 98 46 70 27 17 29 89 24 33 87 60 69 82 81 7 57 59 28 83 85 74 49 1 78 41 63 23 38 43 8 14 79 20 31 19 88 67 22 18 34 21 10 96 30 9 50 99 56 73 86 39 35 0 68 5 92 66 44 77" score=5095.283465337738>
Generation no:6401
Best individual: <Individual chromosome="6 37 58 15 32 94 55 76 95 72 13 64 11 52 47 48 51 97 90 3 54 16 36 61 26 84 65 71 53 45 93 12 75 62 80 4 42 2 40 91 25 98 46 70 27 17 29 89 24 33 87 60 69 82 81 7 57 59 28 83 85 74 49 1 78 41 63 23 38 43 8 14 79 20 31 19 88 67 22 18 34 21 10 96 30 9 50 99 56 73 86 39 35 0 68 5 92 66 44 77" score=5095.283465337738>
Generation no:6601
Best individual: <Individual chromosome="6 37 58 15 32 94 55 76 95 72 13 64 11 52 47 48 51 97 90 3 54 16 36 61 26 84 65 71 53 45 93 12 75 62 80 4 42 2 40 91 25 98 46 70 27 17 29 89 24 33 87 60 69 82 81 7 57 59 28 83 85 74 49 1 78 41 63 23 38 43 8 14 79 20 31 19 88 67 22 18 34 21 10 96 30 9 50 99 56 73 86 39 35 0 68 5 92 66 44 77" score=5095.283465337738>
Generation no:6801
Best individual: <Individual chromosome="6 37 58 15 32 94 55 76 95 72 13 64 11 52 47 48 51 97 90 3 54 16 36 61 26 84 65 71 53 45 93 12 75 62 80 4 42 2 40 91 25 98 46 70 27 17 29 89 24 33 87 60 69 82 81 7 57 59 28 83 85 74 49 1 78 41 63 23 38 43 8 14 79 20 31 19 88 67 22 18 34 21 10 96 30 9 50 99 56 73 86 39 35 0 68 5 92 66 44 77" score=5095.283465337738>
Generation no:7001
Best individual: <Individual chromosome="6 37 58 15 32 94 55 76 95 72 13 64 11 52 47 48 51 97 90 3 54 16 36 61 26 84 65 71 53 45 93 12 75 62 80 4 42 2 40 91 25 98 46 70 27 17 29 89 24 33 87 60 69 82 81 7 57 59 28 83 85 74 49 1 78 41 63 23 38 43 8 14 79 20 31 19 88 67 22 18 34 21 10 96 30 9 50 99 56 73 86 39 35 0 68 5 92 66 44 77" score=5095.283465337738>
Generation no:7201
Best individual: <Individual chromosome="6 37 58 15 32 94 55 76 95 72 13 64 11 52 47 48 51 97 90 3 54 16 36 61 26 84 65 71 53 45 93 12 75 62 80 4 42 2 40 91 25 98 46 70 27 17 29 89 24 33 87 60 69 82 81 7 57 59 28 83 85 74 49 1 78 41 63 23 38 43 8 14 79 20 31 19 88 67 22 18 34 21 10 96 30 9 50 99 56 73 86 39 35 0 68 5 92 66 44 77" score=5095.283465337738>
Generation no:7401
Best individual: <Individual chromosome="6 37 58 15 32 94 55 76 95 72 13 64 11 52 47 48 51 97 90 3 54 16 36 61 26 84 65 71 53 45 93 12 75 62 80 4 42 2 40 91 25 98 46 70 27 17 29 89 24 33 87 60 69 82 81 7 57 59 28 83 85 74 49 1 78 41 63 23 38 43 8 14 79 20 31 19 88 67 22 18 34 21 10 96 30 9 50 99 56 73 86 39 35 0 68 5 92 66 44 77" score=5095.283465337738>
Generation no:7601
Best individual: <Individual chromosome="6 37 58 15 32 94 55 76 95 72 13 64 11 52 47 48 51 97 90 3 54 16 36 61 26 84 65 71 53 45 93 12 75 62 80 4 42 2 40 91 25 98 46 70 27 17 29 89 24 33 87 60 69 82 81 7 57 59 28 83 85 74 49 1 78 41 63 23 38 43 8 14 79 20 31 19 88 67 22 18 34 21 10 96 30 9 50 99 56 73 86 39 35 0 68 5 92 66 44 77" score=5095.283465337738>
Generation no:7801
Best individual: <Individual chromosome="6 37 58 15 32 94 55 76 95 72 13 64 11 52 47 48 51 97 90 3 54 16 36 61 26 84 65 71 53 45 93 12 75 62 80 4 42 2 40 91 25 98 46 70 27 17 29 89 24 33 87 60 69 82 81 7 57 59 28 83 85 74 49 1 78 41 63 23 38 43 8 14 79 20 31 19 88 67 22 18 34 21 10 96 30 9 50 99 56 73 86 39 35 0 68 5 92 66 44 77" score=5095.283465337738>
Generation no:8001
Best individual: <Individual chromosome="6 37 58 15 32 94 55 76 95 72 13 64 11 52 47 48 51 97 90 3 54 16 36 61 26 84 65 71 53 45 93 12 75 62 80 4 42 2 40 91 25 98 46 70 27 17 29 89 24 33 87 60 69 82 81 7 57 59 28 83 85 74 49 1 78 41 63 23 38 43 8 14 79 20 31 19 88 67 22 18 34 21 10 96 30 9 50 99 56 73 86 39 35 0 68 5 92 66 44 77" score=5095.283465337738>
Generation no:8201
Best individual: <Individual chromosome="6 37 58 15 32 94 55 76 95 72 13 64 11 52 47 48 51 97 90 3 54 16 36 61 26 84 65 71 53 45 93 12 75 62 80 4 42 2 40 91 25 98 46 70 27 17 29 89 24 33 87 60 69 82 81 7 57 59 28 83 85 74 49 1 78 41 63 23 38 43 8 14 79 20 31 19 88 67 22 18 34 21 10 96 30 9 50 99 56 73 86 39 35 0 68 5 92 66 44 77" score=5095.283465337738>
Generation no:8401
Best individual: <Individual chromosome="6 37 58 15 32 94 55 76 95 72 13 64 11 52 47 48 51 97 90 3 54 16 36 61 26 84 65 71 53 45 93 12 75 62 80 4 42 2 40 91 25 98 46 70 27 17 29 89 24 33 87 60 69 82 81 7 57 59 28 83 85 74 49 1 78 41 63 23 38 43 8 14 79 20 31 19 88 67 22 18 34 21 10 96 30 9 50 99 56 73 86 39 35 0 68 5 92 66 44 77" score=5095.283465337738>
Generation no:8601
Best individual: <Individual chromosome="6 37 58 15 32 94 55 76 95 72 13 64 11 52 47 48 51 97 90 3 54 16 36 61 26 84 65 71 53 45 93 12 75 62 80 4 42 2 40 91 25 98 46 70 27 17 29 89 24 33 87 60 69 82 81 7 57 59 28 83 85 74 49 1 78 41 63 23 38 43 8 14 79 20 31 19 88 67 22 18 34 21 10 96 30 9 50 99 56 73 86 39 35 0 68 5 92 66 44 77" score=5095.283465337738>
Generation no:8801
Best individual: <Individual chromosome="6 37 58 15 32 94 55 76 95 72 13 64 11 52 47 48 51 97 90 3 54 16 36 61 26 84 65 71 53 45 93 12 75 62 80 4 42 2 40 91 25 98 46 70 27 17 29 89 24 33 87 60 69 82 81 7 57 59 28 83 85 74 49 1 78 41 63 23 38 43 8 14 79 20 31 19 88 67 22 18 34 21 10 96 30 9 50 99 56 73 86 39 35 0 68 5 92 66 44 77" score=5095.283465337738>
Generation no:9001
Best individual: <Individual chromosome="6 37 58 15 32 94 55 76 95 72 13 64 11 52 47 48 51 97 90 3 54 16 36 61 26 84 65 71 53 45 93 12 75 62 80 4 42 2 40 91 25 98 46 70 27 17 29 89 24 33 87 60 69 82 81 7 57 59 28 83 85 74 49 1 78 41 63 23 38 43 8 14 79 20 31 19 88 67 22 18 34 21 10 96 30 9 50 99 56 73 86 39 35 0 68 5 92 66 44 77" score=5095.283465337738>
Generation no:9201
Best individual: <Individual chromosome="6 37 58 15 32 94 55 76 95 72 13 64 11 52 47 48 51 97 90 3 54 16 36 61 26 84 65 71 53 45 93 12 75 62 80 4 42 2 40 91 25 98 46 70 27 17 29 89 24 33 87 60 69 82 81 7 57 59 28 83 85 74 49 1 78 41 63 23 38 43 8 14 79 20 31 19 88 67 22 18 34 21 10 96 30 9 50 99 56 73 86 39 35 0 68 5 92 66 44 77" score=5095.283465337738>
Generation no:9401
Best individual: <Individual chromosome="6 37 58 15 32 94 55 76 95 72 13 64 11 52 47 48 51 97 90 3 54 16 36 61 26 84 65 71 53 45 93 12 75 62 80 4 42 2 40 91 25 98 46 70 27 17 29 89 24 33 87 60 69 82 81 7 57 59 28 83 85 74 49 1 78 41 63 23 38 43 8 14 79 20 31 19 88 67 22 18 34 21 10 96 30 9 50 99 56 73 86 39 35 0 68 5 92 66 44 77" score=5095.283465337738>
Generation no:9601
Best individual: <Individual chromosome="6 37 58 15 32 94 55 76 95 72 13 64 11 52 47 48 51 97 90 3 54 16 36 61 26 84 65 71 53 45 93 12 75 62 80 4 42 2 40 91 25 98 46 70 27 17 29 89 24 33 87 60 69 82 81 7 57 59 28 83 85 74 49 1 78 41 63 23 38 43 8 14 79 20 31 19 88 67 22 18 34 21 10 96 30 9 50 99 56 73 86 39 35 0 68 5 92 66 44 77" score=5095.283465337738>
Generation no:9801
Best individual: <Individual chromosome="6 37 58 15 32 94 55 76 95 72 13 64 11 52 47 48 51 97 90 3 54 16 36 61 26 84 65 71 53 45 93 12 75 62 80 4 42 2 40 91 25 98 46 70 27 17 29 89 24 33 87 60 69 82 81 7 57 59 28 83 85 74 49 1 78 41 63 23 38 43 8 14 79 20 31 19 88 67 22 18 34 21 10 96 30 9 50 99 56 73 86 39 35 0 68 5 92 66 44 77" score=5095.283465337738>
..................Result.........................
<Individual chromosome="6 37 58 15 32 94 55 76 95 72 13 64 11 52 47 48 51 97 90 3 54 16 36 61 26 84 65 71 53 45 93 12 75 62 80 4 42 2 40 91 25 98 46 70 27 17 29 89 24 33 87 60 69 82 81 7 57 59 28 83 85 74 49 1 78 41 63 23 38 43 8 14 79 20 31 19 88 67 22 18 34 21 10 96 30 9 50 99 56 73 86 39 35 0 68 5 92 66 44 77" score=5095.283465337738>
The plot was saved into the TSPresult_GA_crossover_run_0.png file.

Run: 1
The plot was saved into the TSPstart_GA_mutate_whole.png file.
Generation no:1
Best individual: <Individual chromosome="98 97 24 59 21 41 22 0 9 53 65 85 63 46 92 39 87 51 27 68 13 57 86 34 56 7 69 82 26 76 17 81 23 77 16 99 14 2 35 42 6 37 54 88 67 70 8 20 36 62 31 94 49 28 19 66 40 5 30 15 90 96 93 95 32 75 4 43 89 91 74 84 45 25 80 47 11 44 73 38 18 61 78 33 83 10 50 79 48 12 72 58 71 55 64 52 3 1 60 29" score=22992.45561766171>
Generation no:201
Best individual: <Individual chromosome="39 86 0 82 42 29 69 87 60 24 81 77 59 13 78 36 88 43 46 37 72 40 33 7 8 26 3 65 99 79 21 63 18 22 61 47 68 35 56 91 89 44 83 93 25 17 70 80 71 58 11 15 16 23 38 10 50 28 85 4 90 76 45 53 97 54 98 34 41 96 12 52 74 84 51 57 30 9 73 19 67 95 32 49 2 64 94 27 75 48 1 31 55 20 14 6 62 66 92 5" score=17581.918217737224>
Generation no:401
Best individual: <Individual chromosome="42 27 87 60 82 77 39 50 36 38 54 51 28 25 40 89 98 95 49 48 23 22 8 74 85 11 93 76 94 3 96 46 15 72 58 20 19 56 32 21 86 78 10 2 55 53 71 6 4 17 70 81 0 43 61 16 73 92 66 9 30 24 7 59 33 34 31 5 69 12 84 63 35 68 57 65 47 45 52 97 18 88 44 99 79 67 1 13 83 75 80 62 64 91 29 14 26 41 90 37" score=16927.584827499195>
Generation no:601
Best individual: <Individual chromosome="1 65 54 62 49 80 72 45 95 47 32 76 74 51 97 26 84 64 11 12 15 70 81 28 2 46 78 21 34 10 3 85 37 6 75 94 13 56 35 48 16 23 79 59 52 18 83 42 39 73 86 68 60 50 66 41 22 19 82 29 91 89 93 30 88 63 38 90 71 61 36 67 92 20 17 25 98 53 55 4 27 58 7 24 31 96 14 8 99 87 43 40 5 44 77 69 57 33 0 9" score=16646.610332221837>
Generation no:801
Best individual: <Individual chromosome="36 16 54 48 84 65 41 97 3 91 74 8 1 23 61 67 88 76 47 37 4 55 58 80 11 64 13 6 45 15 93 12 95 43 2 90 94 71 62 52 53 72 75 32 28 78 5 30 86 19 34 31 56 82 38 49 22 26 51 85 42 83 21 96 59 10 73 92 39 18 9 60 7 98 14 99 50 87 63 40 68 44 69 17 89 24 27 25 29 35 0 46 33 70 20 77 81 57 79 66" score=15262.912060399312>
Generation no:1001
Best individual: <Individual chromosome="94 95 32 76 55 58 72 71 15 37 93 63 1 52 64 47 90 18 88 16 21 41 36 54 3 61 48 51 38 67 78 26 65 10 4 84 53 45 6 13 23 80 75 62 12 73 22 34 83 11 2 28 43 14 8 59 85 30 56 96 68 81 57 7 66 44 97 19 60 39 86 5 69 35 87 0 46 42 49 77 20 50 79 31 9 99 92 82 74 25 40 24 89 17 91 70 33 29 27 98" score=13419.215146013501>
Generation no:1201
Best individual: <Individual chromosome="58 76 37 55 72 53 32 84 3 52 15 48 51 54 78 16 21 34 88 61 36 1 26 65 63 38 22 18 11 94 80 62 10 67 13 45 6 64 23 42 93 12 75 85 28 83 97 90 49 4 96 8 41 43 14 57 74 2 71 95 47 68 5 9 30 92 66 0 99 19 50 56 87 86 73 44 35 39 7 20 79 77 60 69 81 31 59 82 24 33 70 46 29 25 89 17 27 98 91 40" score=11220.799001357447>
Generation no:1401
Best individual: <Individual chromosome="58 51 78 16 88 36 18 63 22 1 67 97 21 10 34 61 41 26 3 48 54 65 84 90 32 52 47 53 94 71 15 93 80 64 45 6 37 95 72 55 76 11 75 62 28 23 83 4 12 13 85 49 74 38 14 8 96 43 68 35 86 73 56 30 9 39 5 0 50 31 19 20 99 66 59 44 92 69 77 82 79 87 7 57 42 2 60 81 46 33 70 27 24 91 40 98 25 89 29 17" score=8725.245019548125>
Generation no:1601
Best individual: <Individual chromosome="78 51 16 36 18 88 22 67 21 10 34 63 61 41 1 26 90 97 3 54 84 48 65 53 94 71 32 15 47 45 37 95 72 55 76 6 58 93 12 80 75 13 11 52 64 62 4 85 28 83 49 23 38 74 43 14 8 96 5 68 35 86 73 56 9 30 19 31 50 20 99 0 39 66 92 44 77 69 60 82 87 59 79 57 7 42 2 81 33 70 25 98 40 91 46 27 24 17 89 29" score=6297.242978599215>
Generation no:1801
Best individual: <Individual chromosome="78 16 36 18 22 67 88 21 10 34 61 41 63 1 26 90 51 97 3 54 84 48 65 94 32 71 15 53 45 37 58 95 72 55 76 6 93 12 80 75 13 11 47 52 64 62 4 28 85 83 49 23 38 74 43 8 14 96 5 68 35 0 39 73 86 56 9 30 19 31 20 50 99 92 44 66 77 69 60 82 79 59 57 87 81 7 42 2 25 40 91 98 46 33 24 70 27 89 29 17" score=5552.050078456691>
Generation no:2001
Best individual: <Individual chromosome="78 16 36 18 67 88 10 21 34 22 61 41 63 1 26 90 97 51 3 54 84 48 65 94 32 53 15 71 45 58 95 76 55 72 37 6 93 12 75 13 11 47 52 64 62 80 4 28 85 83 49 23 38 74 43 8 14 96 5 68 0 35 39 73 86 56 9 30 19 31 20 50 99 92 66 44 77 69 60 82 79 59 57 87 81 7 42 2 25 98 40 91 46 70 33 24 89 29 17 27" score=5225.022652849584>
Generation no:2201
Best individual: <Individual chromosome="78 16 36 18 67 88 10 21 34 22 61 41 63 1 26 90 97 51 3 54 84 48 65 94 32 15 53 71 45 58 95 76 55 72 37 6 93 12 75 13 11 52 47 64 62 80 4 28 85 83 49 23 38 43 74 8 14 96 5 68 0 35 39 86 73 56 9 30 19 31 20 79 50 99 92 66 44 77 69 60 82 59 57 87 81 7 42 2 25 98 40 91 46 70 33 24 29 89 17 27" score=5132.009691555962>
Generation no:2401
Best individual: <Individual chromosome="78 16 36 18 67 88 10 21 34 22 61 41 63 1 26 90 97 51 3 54 84 48 65 94 32 15 71 53 45 58 95 76 55 72 37 6 93 12 75 13 11 52 47 64 62 80 4 28 85 83 49 23 38 43 74 8 14 96 5 68 0 35 39 86 73 56 9 30 19 31 79 20 50 99 92 66 44 77 69 60 82 59 57 87 81 7 42 2 25 98 40 91 46 70 33 24 89 29 17 27" score=5080.681674135256>
Generation no:2601
Best individual: <Individual chromosome="78 16 36 18 67 88 10 21 34 22 61 41 63 1 26 90 97 51 3 54 84 48 65 94 32 15 71 53 45 58 95 76 55 72 37 6 93 12 75 13 11 52 47 64 62 80 4 28 85 83 49 23 38 43 74 8 14 96 5 68 0 35 39 86 73 56 9 30 19 31 79 20 50 99 92 66 44 77 69 60 82 59 57 87 81 7 42 2 25 98 40 91 46 70 33 24 89 29 17 27" score=5080.681674135256>
Generation no:2801
Best individual: <Individual chromosome="78 16 36 18 67 88 10 21 34 22 61 41 63 1 26 90 97 51 3 54 84 48 65 94 32 15 71 53 45 58 95 76 55 72 37 6 93 12 75 64 11 52 47 13 62 80 4 28 85 83 49 23 38 43 74 8 14 96 5 68 0 35 39 86 73 56 9 30 19 31 79 20 50 99 92 66 44 77 69 60 82 59 57 87 81 7 42 2 25 98 40 91 46 70 33 24 89 29 17 27" score=5068.461285890835>
Generation no:3001
Best individual: <Individual chromosome="78 16 36 67 88 10 21 34 18 22 61 41 63 1 26 90 97 51 3 54 84 48 65 94 32 15 71 53 45 58 95 76 55 72 37 6 93 12 75 13 47 52 11 64 62 80 4 28 85 83 49 23 38 43 74 8 14 96 5 68 0 35 39 86 73 56 9 30 19 31 79 20 50 99 92 66 44 77 69 60 82 59 57 87 81 7 42 2 25 98 40 91 27 70 33 24 89 29 17 46" score=5056.442713018576>
Generation no:3201
Best individual: <Individual chromosome="16 36 67 88 10 21 34 18 22 61 41 63 1 26 78 90 97 51 3 54 84 48 65 94 32 15 71 53 58 95 76 55 72 37 45 6 93 12 75 13 47 52 11 64 62 80 4 28 85 83 49 23 38 43 74 8 14 96 5 68 0 35 39 86 73 56 9 30 19 31 79 20 50 99 92 66 44 77 69 60 82 59 57 87 81 7 42 2 25 98 40 91 46 70 33 24 89 29 17 27" score=5040.374095564156>
Generation no:3401
Best individual: <Individual chromosome="16 36 67 88 10 21 34 18 22 61 41 63 1 26 78 90 97 51 3 54 84 48 65 94 32 15 71 53 58 95 76 55 72 37 45 6 93 12 75 13 47 52 11 64 62 80 4 28 85 83 49 23 38 43 74 8 14 96 5 68 0 35 39 86 73 56 9 30 19 31 79 20 50 99 92 66 44 77 69 60 82 59 57 87 81 7 42 2 25 98 40 91 27 70 33 24 89 29 17 46" score=5029.595840451029>
Generation no:3601
Best individual: <Individual chromosome="16 36 67 88 10 21 34 18 22 61 41 63 1 26 78 90 97 51 3 54 84 48 65 94 32 15 71 53 58 95 76 55 72 37 45 6 93 12 75 13 47 52 11 64 62 80 4 28 85 83 49 23 38 43 74 8 14 96 5 68 0 35 39 86 73 56 9 30 19 31 79 20 50 99 92 66 44 77 69 60 87 81 82 59 57 7 42 2 25 98 40 91 27 70 33 24 89 29 17 46" score=4986.375204461496>
Generation no:3801
Best individual: <Individual chromosome="16 36 67 88 10 21 34 18 22 61 41 63 1 26 78 90 97 51 3 54 84 48 65 94 32 15 71 53 72 95 76 55 58 37 45 6 93 12 75 13 47 52 11 64 62 80 4 28 85 83 49 23 38 43 74 8 14 96 5 68 0 35 39 86 73 56 9 30 19 31 79 20 50 99 92 66 44 77 69 60 82 87 81 59 57 7 42 2 25 98 40 91 46 70 33 24 89 29 17 27" score=4972.271094473832>
Generation no:4001
Best individual: <Individual chromosome="16 36 67 88 10 21 34 18 22 61 41 63 1 26 78 90 97 51 3 54 84 48 65 94 32 15 71 53 95 76 55 72 58 37 45 6 93 12 75 13 47 52 11 64 62 80 4 28 85 83 49 23 38 43 74 8 14 19 96 5 68 0 35 39 86 73 56 9 30 31 79 20 50 99 92 66 44 77 69 60 82 87 81 59 57 7 42 2 25 98 40 91 46 70 33 24 89 29 17 27" score=4945.205502867512>
Generation no:4201
Best individual: <Individual chromosome="16 36 67 88 10 21 34 18 22 61 41 63 1 26 78 90 97 51 3 54 84 48 65 94 32 15 71 53 55 76 95 72 58 37 45 6 93 12 75 13 47 52 11 64 62 80 4 28 85 83 49 23 38 43 74 8 14 96 5 68 0 35 39 86 73 56 9 30 19 31 79 20 50 99 92 66 44 77 69 60 82 87 81 59 57 7 42 2 25 98 40 91 27 70 33 24 89 29 17 46" score=4942.009409705928>
Generation no:4401
Best individual: <Individual chromosome="16 36 67 88 10 96 34 21 18 22 61 41 63 1 26 78 90 97 51 3 54 84 48 65 94 32 15 71 53 95 76 55 72 58 37 45 6 93 12 75 13 47 52 11 64 62 80 4 28 85 83 49 23 38 43 74 8 14 5 68 0 35 39 86 73 56 9 30 19 31 79 20 50 99 92 66 44 77 69 60 82 87 81 59 57 7 42 2 25 98 40 91 46 70 33 24 89 29 17 27" score=4940.575314648866>
Generation no:4601
Best individual: <Individual chromosome="16 36 67 88 10 21 34 18 22 61 41 63 1 26 78 90 97 51 3 54 84 48 65 94 32 15 71 53 95 76 55 72 58 37 45 6 93 12 75 13 47 52 11 64 62 80 4 28 85 83 49 23 38 43 74 8 14 96 5 68 0 35 39 86 73 56 9 30 19 31 79 20 50 99 92 66 44 77 69 60 82 87 81 59 57 7 42 2 25 98 40 91 46 70 27 17 89 29 24 33" score=4919.615289915079>
Generation no:4801
Best individual: <Individual chromosome="16 36 67 88 10 21 34 18 22 61 41 63 1 26 78 90 97 51 3 54 84 48 65 94 32 15 71 53 95 76 55 72 58 37 45 6 93 12 75 13 47 52 11 64 62 80 4 28 85 83 49 23 38 43 74 8 14 96 5 68 0 35 39 86 73 56 9 30 19 31 79 20 50 99 92 66 44 77 69 60 82 87 81 59 57 7 42 2 25 98 40 91 46 70 27 17 89 29 24 33" score=4919.615289915079>
Generation no:5001
Best individual: <Individual chromosome="16 36 67 88 10 21 34 18 22 61 41 63 1 26 78 90 97 51 3 54 84 48 65 94 32 15 71 53 95 76 55 72 58 37 45 6 93 12 75 13 47 52 11 64 62 80 4 28 85 83 49 23 38 43 74 8 14 96 5 68 0 35 39 86 73 56 9 30 19 31 79 20 50 99 92 66 44 77 69 60 82 87 81 59 57 7 42 2 25 98 40 91 46 70 27 17 89 29 24 33" score=4919.615289915079>
Generation no:5201
Best individual: <Individual chromosome="16 36 67 88 10 21 34 18 22 61 41 63 1 26 78 90 97 51 3 54 84 48 65 94 32 15 71 53 95 76 55 72 58 37 45 6 93 12 75 13 47 52 11 64 62 80 4 28 85 83 49 23 38 43 74 8 14 96 5 68 0 35 39 86 73 56 9 30 19 31 79 20 50 99 92 66 44 77 69 60 82 87 81 59 57 7 42 2 25 98 40 91 46 70 27 17 89 29 24 33" score=4919.615289915079>
Generation no:5401
Best individual: <Individual chromosome="16 36 67 88 10 21 34 18 22 61 41 63 1 26 78 90 97 51 3 54 84 48 65 94 32 15 71 53 55 76 95 72 58 37 45 6 93 12 75 13 47 52 11 64 62 80 4 28 85 83 74 49 23 38 43 8 14 96 5 68 0 35 39 86 73 56 9 30 19 31 79 20 50 99 92 66 44 77 69 60 82 87 81 59 57 7 42 2 25 98 40 91 46 70 33 24 89 29 17 27" score=4901.420586446061>
Generation no:5601
Best individual: <Individual chromosome="16 36 67 88 10 21 34 18 22 61 41 63 1 26 78 90 97 51 3 54 84 48 65 94 32 15 71 53 55 76 95 72 58 37 45 6 93 12 75 13 47 52 11 64 62 80 4 28 85 83 74 49 23 38 43 8 14 96 5 68 0 35 39 86 73 56 9 30 19 31 79 20 50 99 92 66 44 77 69 60 82 87 81 59 57 7 42 2 25 98 40 91 46 70 33 24 89 29 17 27" score=4901.420586446061>
Generation no:5801
Best individual: <Individual chromosome="16 36 67 88 10 21 34 18 22 61 41 63 1 26 78 90 97 51 3 54 84 48 65 94 32 15 71 53 55 76 95 72 58 37 45 6 93 12 75 13 47 52 11 64 62 80 4 28 85 83 74 49 23 38 43 8 14 96 5 68 0 35 39 86 73 56 9 30 19 31 79 20 50 99 92 66 44 77 69 60 82 87 81 59 57 7 42 2 25 98 40 91 46 70 33 24 89 29 17 27" score=4901.420586446061>
Generation no:6001
Best individual: <Individual chromosome="16 36 67 88 10 21 34 18 22 61 41 63 1 26 78 90 97 51 3 54 84 48 65 94 32 15 71 53 55 76 95 72 58 37 45 6 93 12 75 13 47 52 11 64 62 80 4 28 85 83 74 49 23 38 43 8 14 96 5 68 0 35 39 86 73 56 9 30 19 31 79 20 50 99 92 66 44 77 69 60 82 87 81 59 57 7 42 2 25 98 40 91 46 70 33 24 89 29 17 27" score=4901.420586446061>
Generation no:6201
Best individual: <Individual chromosome="16 36 67 88 10 21 34 18 22 61 41 63 1 26 78 90 97 51 3 54 84 48 65 94 32 15 71 53 55 76 95 72 58 37 45 6 93 12 75 13 47 52 11 64 62 80 4 28 85 83 74 49 23 38 43 8 14 96 5 68 0 35 39 86 73 56 9 30 19 31 79 20 50 99 92 66 44 77 69 60 82 87 81 59 57 7 42 2 25 98 40 91 46 70 33 24 89 29 17 27" score=4901.420586446061>
Generation no:6401
Best individual: <Individual chromosome="16 36 67 88 10 21 34 18 22 61 41 63 1 26 78 90 97 51 3 54 84 48 65 94 32 15 71 53 55 76 95 72 58 37 45 6 93 12 75 13 47 52 11 64 62 80 4 28 85 83 74 49 23 38 43 8 14 96 5 68 0 35 39 86 73 56 9 30 19 31 79 20 50 99 92 66 44 77 69 60 82 87 81 59 57 7 42 2 25 98 40 91 46 70 33 24 89 29 17 27" score=4901.420586446061>
Generation no:6601
Best individual: <Individual chromosome="16 36 67 88 10 21 34 18 22 61 41 63 1 26 78 90 97 51 3 54 84 48 65 94 32 15 71 53 55 76 95 72 58 37 45 6 93 12 75 13 47 52 11 64 62 80 4 28 85 83 74 49 23 38 43 8 14 96 5 68 0 35 39 86 73 56 9 30 19 31 79 20 50 99 92 66 44 77 69 60 82 87 81 59 57 7 42 2 25 98 40 91 46 70 33 24 89 29 17 27" score=4901.420586446061>
Generation no:6801
Best individual: <Individual chromosome="16 36 67 88 10 21 34 18 22 61 41 63 1 26 78 90 97 51 3 54 84 48 65 94 32 15 71 53 55 76 95 72 58 37 45 6 93 12 75 13 47 52 11 64 62 80 4 28 85 83 74 49 23 38 43 8 14 96 5 68 0 35 39 86 73 56 9 30 19 31 79 20 50 99 92 66 44 77 69 60 82 87 81 59 57 7 42 2 25 98 40 91 46 70 33 24 89 29 17 27" score=4901.420586446061>
Generation no:7001
Best individual: <Individual chromosome="16 36 67 88 10 21 34 18 22 61 41 63 1 26 78 90 97 51 3 54 84 48 65 94 32 15 71 53 55 76 95 72 58 37 45 6 93 12 75 13 47 52 11 64 62 80 4 28 85 83 74 49 23 38 43 8 14 96 5 68 0 35 39 86 73 56 9 30 19 31 79 20 50 99 92 66 44 77 69 60 82 87 81 59 57 7 42 2 25 98 40 91 46 70 33 24 89 29 17 27" score=4901.420586446061>
Generation no:7201
Best individual: <Individual chromosome="16 36 67 88 10 21 34 18 22 61 41 63 1 26 78 90 97 51 3 54 84 48 65 94 32 15 71 53 55 76 95 72 58 37 45 6 93 12 75 13 47 52 11 64 62 80 4 28 85 83 74 49 23 38 43 8 14 96 5 68 0 35 39 86 73 56 9 30 19 31 79 20 50 99 92 66 44 77 69 60 82 87 81 59 57 7 42 2 25 98 40 91 46 70 33 24 89 29 17 27" score=4901.420586446061>
Generation no:7401
Best individual: <Individual chromosome="16 36 67 88 10 21 34 18 22 61 41 63 1 26 78 90 97 51 3 54 84 48 65 94 32 15 71 53 55 76 95 72 58 37 45 6 93 12 75 13 47 52 11 64 62 80 4 28 85 83 74 49 23 38 43 8 14 96 5 68 0 35 39 86 73 56 9 30 19 31 79 20 50 99 92 66 44 77 69 60 82 87 81 59 57 7 42 2 25 98 40 91 46 70 33 24 89 29 17 27" score=4901.420586446061>
Generation no:7601
Best individual: <Individual chromosome="16 36 67 88 10 21 34 18 22 61 41 63 1 26 78 90 97 51 3 54 84 48 65 94 32 15 71 53 55 76 95 72 58 37 45 6 93 12 75 13 47 52 11 64 62 80 4 28 85 83 74 49 23 38 43 8 14 96 5 68 0 35 39 86 73 56 9 30 19 31 79 20 50 99 92 66 44 77 69 60 82 87 81 59 57 7 42 2 25 98 40 91 46 70 33 24 89 29 17 27" score=4901.420586446061>
Generation no:7801
Best individual: <Individual chromosome="16 36 67 88 10 21 34 18 22 61 41 63 1 26 78 90 97 51 3 54 84 48 65 94 32 15 71 53 55 76 95 72 58 37 45 6 93 12 75 13 47 52 11 64 62 80 4 28 85 83 74 49 23 38 43 8 14 96 5 68 0 35 39 86 73 56 9 30 19 31 79 20 50 99 92 66 44 77 69 60 82 87 81 59 57 7 42 2 25 98 40 91 46 70 33 24 89 29 17 27" score=4901.420586446061>
Generation no:8001
Best individual: <Individual chromosome="16 36 67 88 10 21 34 18 22 61 41 63 1 26 78 90 97 51 3 54 84 48 65 94 32 15 71 53 55 76 95 72 58 37 45 6 93 12 75 13 47 52 11 64 62 80 4 28 85 83 74 49 23 38 43 8 14 96 5 68 0 35 39 86 73 56 9 30 19 31 79 20 50 99 92 66 44 77 69 60 82 87 81 59 57 7 42 2 25 98 40 91 46 70 33 24 89 29 17 27" score=4901.420586446061>
Generation no:8201
Best individual: <Individual chromosome="16 36 67 88 10 21 34 18 22 61 41 63 1 26 78 90 97 51 3 54 84 48 65 94 32 15 71 53 55 76 95 72 58 37 45 6 93 12 75 13 47 52 11 64 62 80 4 28 85 83 74 49 23 38 43 8 14 96 5 68 0 35 39 86 73 56 9 30 19 31 79 20 50 99 92 66 44 77 69 60 82 87 81 59 57 7 42 2 25 98 40 91 46 70 33 24 89 29 17 27" score=4901.420586446061>
Generation no:8401
Best individual: <Individual chromosome="16 36 67 88 10 21 34 18 22 61 41 63 1 26 78 90 97 51 3 54 84 48 65 94 32 15 71 53 55 76 95 72 58 37 45 6 93 12 75 13 47 52 11 64 62 80 4 28 85 83 74 49 23 38 43 8 14 96 5 68 0 35 39 86 73 56 9 30 19 31 79 20 50 99 92 66 44 77 69 60 82 87 81 59 57 7 42 2 25 98 40 91 46 70 33 24 89 29 17 27" score=4901.420586446061>
Generation no:8601
Best individual: <Individual chromosome="16 36 67 88 10 21 34 18 22 61 41 63 1 26 78 90 97 51 3 54 84 48 65 94 32 15 71 53 55 76 95 72 58 37 45 6 93 12 75 13 47 52 11 64 62 80 4 28 85 83 74 49 23 38 43 8 14 96 5 68 0 35 39 86 73 56 9 30 19 31 79 20 50 99 92 66 44 77 69 60 82 87 81 59 57 7 42 2 25 98 40 91 46 70 33 24 89 29 17 27" score=4901.420586446061>
Generation no:8801
Best individual: <Individual chromosome="16 36 67 88 10 21 34 18 22 61 41 63 1 26 78 90 97 51 3 54 84 48 65 94 32 15 71 53 55 76 95 72 58 37 45 6 93 12 75 13 47 52 11 64 62 80 4 28 85 83 74 49 23 38 43 8 14 96 5 68 0 35 39 86 73 56 9 30 19 31 79 20 50 99 92 66 44 77 69 60 82 87 81 59 57 7 42 2 25 98 40 91 27 70 33 24 89 29 17 46" score=4890.642331332935>
Generation no:9001
Best individual: <Individual chromosome="16 36 67 88 10 21 34 18 22 61 41 63 1 26 78 90 97 51 3 54 84 48 65 94 32 15 71 53 55 76 95 72 58 37 45 6 93 12 75 13 47 52 11 64 62 80 4 28 85 83 74 49 38 43 8 14 96 5 68 0 35 39 86 73 56 9 30 19 31 79 20 50 99 92 66 44 77 69 60 82 87 81 59 57 7 42 2 25 98 40 91 46 70 33 24 27 89 29 17 23" score=4835.439345323068>
Generation no:9201
Best individual: <Individual chromosome="16 36 67 88 10 21 34 18 22 61 41 63 1 26 78 90 97 51 3 54 84 48 65 94 32 15 71 53 55 76 95 72 58 37 45 6 93 12 75 13 47 52 11 64 62 80 4 28 85 83 74 49 38 43 8 14 96 5 68 0 35 39 86 73 56 9 30 19 31 79 20 50 99 92 66 44 77 69 60 82 87 81 59 57 7 42 2 25 98 40 91 46 70 33 24 27 89 29 17 23" score=4835.439345323068>
Generation no:9401
Best individual: <Individual chromosome="16 36 67 88 10 21 34 18 22 61 41 63 1 26 78 90 97 51 3 54 84 48 65 94 32 15 71 53 55 76 95 72 58 37 45 6 93 12 75 13 47 52 11 64 62 80 4 28 85 83 74 49 38 43 8 14 96 5 68 0 35 39 86 73 56 9 30 19 31 79 20 50 99 92 66 44 77 69 60 82 87 81 59 57 7 42 2 25 98 40 91 46 70 33 24 27 89 29 17 23" score=4835.439345323068>
Generation no:9601
Best individual: <Individual chromosome="16 36 67 88 10 21 34 18 22 61 41 63 1 26 78 90 97 51 3 54 84 48 65 94 32 15 71 53 55 76 95 72 58 37 45 6 93 12 75 13 47 52 11 64 62 80 4 28 85 83 74 49 38 43 8 14 96 5 68 0 35 39 86 73 56 9 30 19 31 79 20 50 99 92 66 44 77 69 60 82 87 81 59 57 7 42 2 25 98 40 91 46 70 33 24 27 89 29 17 23" score=4835.439345323068>
Generation no:9801
Best individual: <Individual chromosome="16 36 67 88 10 21 34 18 22 61 41 63 1 26 78 90 97 51 3 54 84 48 65 94 32 15 71 53 55 76 95 72 58 37 45 6 93 12 75 13 47 52 11 64 62 80 4 28 85 83 74 49 38 43 8 14 96 5 68 0 35 39 86 73 56 9 30 19 31 79 20 50 99 92 66 44 77 69 60 82 87 81 59 57 7 42 2 25 98 40 91 46 70 33 24 27 89 29 17 23" score=4835.439345323068>
..................Result.........................
<Individual chromosome="16 36 67 88 10 21 34 18 22 61 41 63 1 26 78 90 97 51 3 54 84 48 65 94 32 15 71 53 55 76 95 72 58 37 45 6 93 12 75 13 47 52 11 64 62 80 4 28 85 83 74 49 38 43 8 14 96 5 68 0 35 39 86 73 56 9 30 19 31 79 20 50 99 92 66 44 77 69 60 82 87 81 59 57 7 42 2 25 98 40 91 46 70 33 24 27 89 29 17 23" score=4835.439345323068>
The plot was saved into the TSPresult_GA_crossover_run_1.png file.

AVERAGE ON RUNS =%.02f 4965.361405330403
..................End.........................
