..................Start.........................
birthrate = 0.4 operator = crossover
Run: 0
The plot was saved into the TSPstart_GA_mutate_whole.png file.
Generation no:1
Best individual: <Individual chromosome="7 89 33 24 9 19 41 38 78 6 40 55 45 93 4 72 47 83 74 88 34 10 46 91 44 80 94 81 99 12 76 53 85 48 77 56 98 49 95 57 65 43 32 18 29 66 86 96 62 75 64 58 35 36 21 71 69 0 1 15 79 26 50 90 42 17 20 59 60 28 82 84 22 67 5 31 25 2 37 3 97 27 51 13 73 8 54 63 61 68 87 11 14 39 92 30 16 70 23 52" score=23211.261439640788>
Generation no:201
Best individual: <Individual chromosome="24 31 99 30 5 81 29 89 27 17 8 59 23 84 18 21 88 60 87 63 36 61 72 11 78 94 76 98 40 50 82 42 56 86 39 0 68 90 14 1 70 97 85 37 19 44 92 73 22 67 26 57 69 38 74 79 96 77 20 66 10 9 75 3 15 13 46 2 6 53 35 91 25 7 55 95 16 80 43 4 41 51 34 54 52 47 28 83 62 64 71 65 48 12 49 33 58 45 32 93" score=17861.204108880116>
Generation no:401
Best individual: <Individual chromosome="89 60 66 35 39 86 0 92 56 73 9 30 96 23 63 79 81 20 68 77 69 44 61 78 1 41 22 16 36 21 34 67 6 49 3 38 57 19 2 90 98 72 14 31 50 74 15 65 53 8 99 5 28 94 84 54 18 88 48 37 76 71 47 25 91 75 64 58 10 95 45 93 55 13 11 26 51 52 62 97 85 29 42 32 40 7 59 43 87 70 46 4 80 33 82 12 83 17 24 27" score=15074.002814200276>
Generation no:601
Best individual: <Individual chromosome="60 66 39 0 35 92 56 73 86 96 23 26 16 41 61 54 78 67 88 36 10 34 22 38 9 63 18 90 31 20 68 5 50 99 69 30 44 77 81 33 8 49 21 79 14 74 48 84 3 1 97 87 25 57 7 42 4 98 13 71 19 82 59 43 55 94 32 40 89 91 85 76 47 72 53 75 2 27 70 28 62 93 6 12 83 11 80 64 37 45 95 15 58 65 51 52 29 17 24 46" score=11673.918990738446>
Generation no:801
Best individual: <Individual chromosome="60 35 0 39 56 73 86 23 18 26 41 61 67 34 16 63 22 36 88 96 49 68 5 50 92 31 19 44 77 69 10 21 54 38 30 66 79 20 99 82 9 14 74 78 48 84 3 59 57 90 1 43 97 87 81 25 33 24 17 27 29 70 40 89 46 7 85 51 64 8 4 98 91 62 42 28 80 13 47 52 94 15 72 83 2 11 55 53 32 37 76 6 12 93 58 45 71 95 75 65" score=11398.37891807051>
Generation no:1001
Best individual: <Individual chromosome="35 39 56 73 86 16 61 22 67 36 18 34 88 96 21 68 5 50 92 0 99 44 77 69 31 19 9 10 30 20 79 59 8 38 90 3 54 48 97 41 43 66 82 14 74 1 51 84 26 78 63 23 49 57 81 60 87 33 24 89 17 29 70 46 27 91 40 25 98 7 2 42 4 28 80 83 85 62 45 93 12 75 11 55 65 13 64 52 47 94 32 15 53 71 58 6 37 95 76 72" score=7874.329644943406>
Generation no:1201
Best individual: <Individual chromosome="35 39 56 73 86 16 61 22 67 36 18 88 96 34 21 5 68 0 92 44 77 69 99 50 31 19 9 10 30 79 20 59 38 90 41 54 3 48 97 43 14 74 1 51 84 26 78 63 23 49 8 66 82 57 81 60 87 33 24 17 89 29 70 46 27 91 40 98 25 7 42 28 4 85 83 80 62 2 93 45 55 6 12 75 64 13 11 65 52 47 94 32 15 71 53 76 72 58 95 37" score=7006.208755793226>
Generation no:1401
Best individual: <Individual chromosome="35 39 56 73 86 16 61 22 67 36 18 88 96 34 21 5 68 0 92 44 77 69 99 50 31 19 10 30 9 20 79 59 90 41 54 3 48 97 74 43 14 38 1 51 84 26 78 63 23 49 8 66 82 57 81 60 87 33 24 17 29 89 70 46 27 91 40 98 25 7 42 28 4 80 85 83 62 75 2 93 12 6 45 55 64 13 11 52 65 47 94 32 15 71 53 76 95 72 58 37" score=6770.895665652237>
Generation no:1601
Best individual: <Individual chromosome="35 39 56 86 73 16 61 22 67 36 18 88 96 34 21 10 68 5 0 92 44 77 69 66 99 31 19 30 50 9 20 82 59 90 41 54 97 3 48 74 43 14 38 1 51 84 26 78 63 23 49 8 79 57 81 60 87 33 24 17 29 89 70 46 27 91 40 98 25 7 42 28 85 4 83 80 62 75 2 93 12 6 45 64 13 11 52 65 47 94 32 15 71 53 55 76 95 72 58 37" score=6562.06194151645>
Generation no:1801
Best individual: <Individual chromosome="35 39 56 86 73 16 61 22 67 36 18 88 96 34 21 10 68 5 0 92 44 66 77 69 99 50 31 30 9 19 20 79 59 74 90 41 51 48 97 43 14 38 3 54 84 26 78 1 63 23 49 8 82 57 81 60 87 33 24 17 29 89 27 70 46 91 40 98 25 7 42 28 4 85 83 80 62 75 2 93 12 6 45 55 64 13 11 52 65 47 15 94 32 71 53 76 95 72 58 37" score=6404.629078396032>
Generation no:2001
Best individual: <Individual chromosome="35 39 56 86 73 16 61 22 67 36 18 88 96 34 21 10 68 5 0 92 44 77 69 99 50 31 19 9 30 20 79 59 74 90 41 54 48 97 43 14 38 3 51 84 26 78 1 63 23 49 8 66 82 57 81 60 87 33 24 17 29 89 27 70 46 91 40 98 25 7 42 4 28 85 83 80 62 75 2 93 12 6 45 64 13 11 52 65 47 71 15 32 94 53 55 76 95 72 58 37" score=6394.3020663328925>
Generation no:2201
Best individual: <Individual chromosome="35 39 56 86 73 16 61 36 67 22 18 88 96 34 21 10 68 5 0 92 44 77 69 99 50 31 19 9 30 20 79 59 74 90 54 48 97 43 14 38 3 51 84 78 26 41 1 63 23 49 8 66 82 57 81 60 87 33 24 17 29 89 27 70 46 91 40 98 25 7 42 4 28 85 83 80 62 75 2 93 12 6 45 13 64 11 52 47 65 15 71 53 32 94 55 76 95 72 58 37" score=6292.228877519236>
Generation no:2401
Best individual: <Individual chromosome="35 39 56 86 73 16 61 36 67 22 18 88 21 34 96 10 68 5 0 92 44 77 69 99 50 31 19 9 30 20 79 59 74 90 54 48 43 14 38 97 3 51 84 78 26 41 1 63 23 49 8 66 82 57 81 60 87 33 24 17 29 89 27 70 46 91 40 98 25 7 42 4 28 85 83 80 62 75 2 12 93 6 45 13 64 11 52 47 65 15 71 53 32 94 76 55 95 72 58 37" score=6278.678842542702>
Generation no:2601
Best individual: <Individual chromosome="35 39 56 86 73 16 61 36 67 22 18 88 21 34 96 10 68 5 0 92 44 77 69 99 50 31 19 9 30 20 79 59 74 90 54 48 43 14 38 97 3 51 84 78 26 41 1 63 23 49 8 66 82 57 81 60 87 33 24 17 29 89 27 70 46 91 40 98 25 7 42 4 28 85 83 80 62 75 2 12 93 6 45 13 64 11 52 47 65 15 71 53 32 94 76 55 95 72 58 37" score=6278.678842542702>
Generation no:2801
Best individual: <Individual chromosome="35 39 56 86 73 16 61 36 67 22 18 88 21 34 10 96 68 5 0 92 44 77 66 99 50 31 19 9 30 20 79 59 74 90 54 48 43 14 38 97 3 51 84 78 26 41 1 63 23 49 8 69 82 57 81 60 87 33 24 89 29 17 27 70 46 91 40 98 25 7 42 4 28 85 83 80 62 75 2 12 93 6 45 58 55 13 64 11 52 47 65 15 71 53 32 94 76 95 72 37" score=6236.9048775999645>
Generation no:3001
Best individual: <Individual chromosome="35 39 56 86 73 16 61 36 67 22 18 88 21 34 10 96 68 5 0 92 44 77 66 99 50 31 19 9 30 20 79 59 74 90 54 48 43 14 38 97 3 51 84 78 26 41 1 63 23 49 8 69 82 57 81 60 87 33 24 89 29 17 27 70 46 91 40 98 25 7 42 4 28 85 83 80 62 75 2 12 93 6 45 58 55 13 64 11 52 47 65 15 71 53 32 94 76 95 72 37" score=6236.9048775999645>
Generation no:3201
Best individual: <Individual chromosome="35 39 56 86 73 16 61 36 18 22 67 88 21 34 10 96 0 5 68 92 44 77 69 99 50 31 19 9 30 20 79 59 74 90 51 48 43 14 38 97 54 3 84 78 26 41 1 63 23 49 8 66 82 57 81 60 87 33 24 17 29 89 27 70 46 91 40 98 25 7 42 4 28 85 83 80 62 75 2 12 93 6 45 58 13 64 11 52 47 65 15 71 53 32 94 55 76 95 72 37" score=6200.531954755341>
Generation no:3401
Best individual: <Individual chromosome="35 39 56 86 73 16 61 36 18 22 67 88 21 34 10 96 0 68 5 92 44 77 66 99 50 31 19 9 30 20 79 59 74 90 51 48 43 14 38 97 3 54 84 78 26 41 1 63 23 49 8 69 82 57 81 60 87 33 24 17 29 89 27 70 46 91 40 98 25 7 42 4 28 85 83 80 62 75 2 12 93 6 45 58 55 13 64 11 52 47 65 15 71 53 32 94 76 95 72 37" score=6092.952920459305>
Generation no:3601
Best individual: <Individual chromosome="35 39 56 86 73 16 61 36 18 22 67 88 21 34 10 96 0 68 5 92 44 66 77 99 50 31 19 9 30 20 79 59 74 90 51 48 43 14 38 97 3 54 84 78 26 41 1 63 23 49 8 69 82 57 81 60 87 33 24 17 29 89 27 70 46 91 40 98 25 7 42 4 28 85 83 80 62 75 2 12 93 6 45 58 55 13 64 11 52 47 65 15 71 53 32 94 76 95 72 37" score=6075.077255525305>
Generation no:3801
Best individual: <Individual chromosome="35 39 56 86 73 16 61 36 18 22 67 88 21 34 10 96 0 68 5 92 44 66 77 99 50 31 19 9 30 20 79 59 74 90 51 48 43 14 38 97 3 54 84 78 26 41 1 63 23 49 8 69 82 57 81 60 87 33 24 17 29 89 27 70 46 91 40 98 25 7 42 4 28 85 83 80 62 75 2 12 93 6 45 58 55 13 64 11 52 47 65 15 71 53 32 94 76 95 72 37" score=6075.077255525305>
Generation no:4001
Best individual: <Individual chromosome="35 39 56 86 73 61 16 36 18 22 67 88 21 34 10 96 0 68 5 92 66 77 69 44 99 50 31 19 9 30 20 79 59 74 90 51 48 43 14 38 97 3 54 84 78 26 41 1 63 23 49 8 82 57 81 60 87 33 24 17 29 89 27 70 46 91 40 98 25 7 42 4 28 85 83 80 62 75 2 12 93 6 45 58 55 13 64 11 52 47 65 15 71 53 32 94 76 95 72 37" score=6069.044720579226>
Generation no:4201
Best individual: <Individual chromosome="35 39 56 86 73 61 16 36 18 22 67 88 34 21 10 96 0 68 5 92 44 77 66 99 50 31 19 9 30 20 79 59 74 90 51 48 43 14 38 97 3 54 84 78 26 41 1 63 23 49 8 69 82 57 81 60 87 33 24 89 29 17 27 70 46 91 40 98 25 7 42 4 28 85 83 80 62 75 2 12 93 6 45 58 55 13 64 11 52 47 65 15 71 53 32 94 76 95 72 37" score=6035.746347478886>
Generation no:4401
Best individual: <Individual chromosome="35 39 56 86 73 61 16 36 18 22 67 88 34 21 10 96 0 68 5 92 44 77 66 99 50 31 19 9 30 20 79 59 74 90 51 48 43 14 38 97 3 54 84 78 26 41 1 63 23 49 8 69 82 57 81 60 87 33 24 89 29 17 27 70 46 91 40 98 25 7 42 4 28 85 83 80 62 75 2 12 93 6 45 58 55 13 64 11 52 47 65 15 71 53 32 94 76 95 72 37" score=6035.746347478886>
Generation no:4601
Best individual: <Individual chromosome="35 39 56 86 73 61 16 36 18 22 67 88 34 21 10 96 0 68 5 92 44 77 66 99 50 31 19 9 30 20 79 59 74 90 51 48 43 14 38 97 3 54 84 78 26 41 1 63 23 49 8 69 82 57 81 60 87 33 24 89 29 17 27 70 46 91 40 98 25 7 42 4 28 85 83 80 62 75 2 12 93 6 45 58 55 13 64 11 52 47 65 15 71 53 32 94 76 95 72 37" score=6035.746347478886>
Generation no:4801
Best individual: <Individual chromosome="35 39 56 86 73 61 16 36 18 22 67 88 34 21 10 96 0 68 5 92 44 77 66 99 50 31 19 9 30 20 79 59 74 51 48 43 14 38 90 97 3 54 84 78 26 41 1 63 23 49 8 69 82 57 81 60 87 33 24 89 29 17 27 70 46 91 40 98 25 7 42 4 28 85 83 80 62 75 2 12 93 6 45 58 55 13 64 11 52 47 65 15 71 53 32 94 76 95 72 37" score=6025.005805971592>
Generation no:5001
Best individual: <Individual chromosome="35 39 56 86 73 61 16 36 18 22 67 88 34 21 10 96 0 68 5 92 44 77 66 99 50 31 19 9 30 20 79 59 74 51 48 43 14 38 90 97 3 84 54 78 26 41 1 63 23 49 8 69 82 57 81 87 60 33 24 89 29 17 27 70 46 91 40 98 25 7 42 4 28 85 83 80 62 75 2 12 93 6 45 58 55 13 64 11 52 47 65 15 71 53 32 94 76 95 72 37" score=5996.747917721834>
Generation no:5201
Best individual: <Individual chromosome="35 39 56 86 73 61 16 36 18 22 67 88 34 21 10 96 0 68 5 92 44 77 66 99 50 31 19 9 30 20 79 59 74 51 48 49 14 43 38 90 97 3 84 54 78 26 41 1 63 23 8 69 82 57 81 60 87 33 24 89 29 17 27 70 46 91 40 98 25 7 42 4 28 85 83 80 62 75 2 12 93 6 45 58 55 13 64 11 52 47 65 15 71 53 32 94 76 95 72 37" score=5954.77519496128>
Generation no:5401
Best individual: <Individual chromosome="35 39 56 86 73 61 16 36 18 22 67 88 34 21 10 96 0 68 5 92 44 77 66 99 50 31 19 9 30 20 79 59 74 51 48 49 14 43 38 90 97 3 84 54 78 26 41 1 63 23 8 69 82 57 81 60 87 33 24 89 29 17 27 70 46 91 40 98 25 7 42 4 28 85 83 80 62 75 2 12 93 6 45 58 55 13 64 11 52 47 65 15 71 53 32 94 76 95 72 37" score=5954.77519496128>
Generation no:5601
Best individual: <Individual chromosome="35 39 56 86 73 61 16 36 18 22 67 88 34 21 10 96 0 68 5 92 44 77 66 99 50 31 19 9 30 20 79 59 74 51 48 49 14 38 90 97 3 84 54 78 26 41 1 63 23 43 8 69 82 57 81 60 87 33 24 89 29 17 27 70 46 91 40 98 25 7 42 4 28 85 83 80 62 75 2 12 93 6 45 58 55 13 64 11 52 47 65 15 71 53 32 94 76 95 72 37" score=5932.817160268967>
Generation no:5801
Best individual: <Individual chromosome="35 39 56 86 73 61 16 36 18 22 67 88 34 21 10 96 0 68 5 92 44 77 66 99 50 31 19 9 30 20 79 59 74 51 48 49 14 38 90 97 3 84 54 78 26 41 1 63 23 43 8 69 82 57 81 60 87 33 24 89 29 17 27 70 46 91 40 98 25 7 42 4 28 85 83 80 62 75 2 12 93 6 45 58 55 13 64 11 52 47 65 15 71 53 32 94 76 95 72 37" score=5932.817160268967>
Generation no:6001
Best individual: <Individual chromosome="35 39 56 86 73 61 16 36 18 22 67 88 34 21 10 96 0 68 5 92 44 77 66 99 50 31 19 9 30 20 79 59 74 51 48 49 14 38 90 97 3 84 54 78 26 41 1 63 23 43 8 69 82 57 81 60 87 33 24 89 29 17 27 70 46 91 40 98 25 7 42 4 28 85 83 80 62 75 2 12 93 6 45 58 55 13 64 11 52 47 65 15 71 53 32 94 76 95 72 37" score=5932.817160268967>
Generation no:6201
Best individual: <Individual chromosome="35 39 56 86 73 61 16 36 18 22 67 88 34 21 10 96 0 68 5 92 44 66 77 69 99 50 31 19 9 30 20 79 59 74 51 48 49 14 38 90 97 3 84 54 78 26 41 1 63 23 43 8 82 57 81 60 87 33 24 89 29 17 27 70 46 91 40 98 25 7 42 4 28 85 83 80 62 75 2 12 93 6 45 58 72 55 13 64 11 52 47 65 15 71 53 32 94 76 95 37" score=5910.082771841147>
Generation no:6401
Best individual: <Individual chromosome="35 39 56 86 73 61 16 36 18 22 67 88 34 21 10 96 0 68 5 92 44 66 77 69 99 50 31 19 9 30 20 79 59 74 51 48 49 14 38 90 97 3 84 54 78 26 41 1 63 23 43 8 82 57 81 60 87 33 24 89 29 17 27 70 46 91 40 98 25 7 42 4 28 85 83 80 62 75 2 12 93 6 45 58 72 55 13 64 11 52 47 65 15 71 53 32 94 76 95 37" score=5910.082771841147>
Generation no:6601
Best individual: <Individual chromosome="35 39 56 86 73 61 16 36 18 22 67 88 34 21 10 96 0 68 5 92 44 66 77 69 99 50 31 19 9 30 20 79 59 74 51 48 49 14 38 90 97 3 84 54 78 26 41 1 63 23 43 8 82 57 81 60 87 33 24 89 29 17 27 70 46 91 40 98 25 7 42 4 28 85 83 80 62 75 2 12 93 6 45 58 72 55 13 64 11 52 47 65 15 71 53 32 94 76 95 37" score=5910.082771841147>
Generation no:6801
Best individual: <Individual chromosome="35 39 56 86 73 61 16 36 18 22 67 88 34 21 10 96 0 68 5 92 44 77 66 99 50 31 19 9 30 20 79 59 74 49 14 38 90 97 51 48 3 84 54 78 26 41 1 63 23 43 8 69 82 57 81 60 87 33 24 89 29 17 27 70 46 91 40 98 25 7 42 4 28 83 85 80 62 75 2 12 93 6 45 58 72 55 95 13 64 11 52 47 65 15 71 53 94 32 76 37" score=5747.252995604711>
Generation no:7001
Best individual: <Individual chromosome="35 39 56 86 73 61 16 36 18 22 67 88 34 21 10 96 0 68 5 92 66 77 44 69 99 50 30 9 19 31 20 79 59 74 49 14 38 90 97 51 48 3 84 54 78 26 41 1 63 23 43 8 82 57 81 60 87 33 24 89 29 17 27 70 46 91 40 98 25 7 42 4 28 83 85 80 62 75 2 12 93 6 45 58 72 55 13 64 11 52 47 65 15 71 53 32 94 76 95 37" score=5673.912562909796>
Generation no:7201
Best individual: <Individual chromosome="35 39 56 86 73 36 16 61 18 22 67 88 34 21 10 96 0 68 5 92 44 77 66 99 50 30 9 19 31 20 79 59 74 49 14 38 90 97 51 48 3 84 54 78 26 41 1 63 23 43 8 69 82 57 81 60 87 33 24 89 29 17 27 70 46 91 40 98 25 7 42 4 28 85 83 80 62 75 2 12 93 6 45 58 72 55 13 64 11 52 47 65 15 71 53 32 94 76 95 37" score=5659.546892892408>
Generation no:7401
Best individual: <Individual chromosome="35 39 56 86 73 36 16 61 18 22 67 88 34 21 10 96 0 68 5 92 44 77 66 99 50 30 9 19 31 20 79 59 74 49 14 38 90 97 51 48 3 84 54 78 26 41 1 63 23 43 8 69 82 57 81 60 87 33 24 89 29 17 27 70 46 91 40 98 25 7 42 4 28 85 83 80 62 75 2 12 93 6 45 58 72 55 13 64 11 52 47 65 15 71 53 32 94 76 95 37" score=5659.546892892408>
Generation no:7601
Best individual: <Individual chromosome="35 39 56 86 73 61 16 36 18 22 67 88 34 21 10 96 0 68 5 92 44 77 69 99 50 30 9 19 31 20 79 59 74 49 14 38 90 97 51 48 3 84 54 78 26 41 1 63 23 43 8 66 82 57 81 60 87 33 24 89 29 17 27 70 46 91 40 98 25 7 42 4 28 85 83 80 62 75 2 12 93 6 45 37 58 95 72 55 76 13 64 11 52 47 71 15 32 94 53 65" score=5617.381304015783>
Generation no:7801
Best individual: <Individual chromosome="35 39 56 86 73 61 16 36 18 22 67 88 34 21 10 96 0 68 5 92 44 77 69 99 50 30 9 19 31 20 79 59 74 49 14 38 90 97 51 48 3 84 54 78 26 41 1 63 23 43 8 66 82 57 7 81 60 87 33 24 89 29 17 27 70 46 91 40 98 25 42 4 28 85 83 80 62 75 2 12 93 6 45 37 58 72 95 55 76 13 64 11 52 65 47 71 15 94 32 53" score=5545.655074469263>
Generation no:8001
Best individual: <Individual chromosome="35 39 56 86 73 61 16 36 18 22 67 88 34 21 10 96 0 68 5 92 44 77 69 99 50 30 9 19 31 20 79 59 74 49 14 38 90 97 51 48 3 84 54 78 26 41 1 63 23 43 8 66 82 57 7 81 60 87 33 24 89 29 17 27 70 46 91 40 98 25 42 4 28 85 83 80 62 75 2 12 93 6 45 37 58 72 95 55 76 13 64 11 52 65 47 71 15 94 32 53" score=5545.655074469263>
Generation no:8201
Best individual: <Individual chromosome="35 39 56 86 73 61 16 36 18 22 67 88 34 21 10 96 0 68 5 92 44 77 69 99 50 30 9 19 31 20 79 59 74 49 14 38 90 97 51 48 3 84 54 78 26 41 1 63 23 43 8 66 82 57 7 81 60 87 33 24 89 29 17 27 70 46 91 40 98 25 42 4 28 85 83 80 62 75 2 12 93 6 45 37 58 72 95 55 76 13 64 11 52 65 47 71 15 94 32 53" score=5545.655074469263>
Generation no:8401
Best individual: <Individual chromosome="35 39 56 86 73 61 16 36 18 22 67 88 34 21 10 96 0 68 5 92 44 77 69 99 50 30 9 19 31 20 79 59 74 49 14 38 90 97 51 48 3 84 54 78 26 41 1 63 23 43 8 66 82 57 7 81 60 87 33 24 89 29 17 27 70 46 91 40 98 25 42 4 28 85 83 80 62 75 2 12 93 6 45 37 58 72 95 55 76 13 64 11 52 65 47 71 15 94 32 53" score=5545.655074469263>
Generation no:8601
Best individual: <Individual chromosome="35 39 56 86 73 61 16 36 18 22 67 88 34 21 10 96 0 68 5 92 44 77 66 99 50 30 9 19 31 20 79 59 74 49 14 38 90 97 48 51 3 84 54 78 26 41 1 63 23 43 8 69 82 60 57 81 87 33 24 89 29 17 27 70 46 91 40 98 25 7 42 4 28 85 83 80 62 75 2 12 93 6 45 37 58 72 55 76 95 13 64 11 52 65 47 71 15 94 32 53" score=5503.872334266594>
Generation no:8801
Best individual: <Individual chromosome="35 39 56 86 73 61 16 36 18 22 67 88 34 21 10 96 0 68 5 92 44 77 66 99 50 30 9 19 31 20 79 59 74 49 14 38 90 97 48 51 3 84 54 78 26 41 1 63 23 43 8 69 60 82 57 81 87 33 24 89 29 17 27 70 46 91 40 98 25 7 42 4 28 85 83 80 62 75 2 12 93 6 45 37 58 72 55 76 95 64 13 11 52 65 47 71 15 94 32 53" score=5444.931950070988>
Generation no:9001
Best individual: <Individual chromosome="35 39 56 86 73 61 16 36 18 22 67 88 34 21 10 96 0 68 5 92 44 77 66 99 50 30 9 19 31 20 79 59 74 49 14 38 90 97 48 51 3 84 54 78 26 41 1 63 23 43 8 69 60 82 57 81 87 33 24 89 29 17 27 70 46 91 40 98 25 7 42 4 28 85 83 80 62 75 2 12 93 6 45 37 58 72 55 76 95 13 64 11 52 65 47 71 15 94 32 53" score=5438.144327343318>
Generation no:9201
Best individual: <Individual chromosome="39 56 86 73 96 61 16 36 18 22 67 88 34 21 10 35 0 68 5 92 44 77 66 99 50 30 9 19 31 20 79 59 74 49 14 38 90 97 48 51 3 84 54 78 26 41 1 63 23 43 8 69 60 82 57 81 87 33 24 89 29 17 27 70 46 91 40 98 25 7 42 4 28 85 83 80 62 75 2 12 93 6 45 37 58 72 55 76 95 13 64 11 52 65 47 71 15 94 32 53" score=5412.226445224035>
Generation no:9401
Best individual: <Individual chromosome="39 56 86 73 96 61 16 36 18 22 67 88 34 21 10 35 0 68 5 92 44 77 66 99 50 30 9 19 31 20 79 59 74 49 14 38 90 97 48 51 3 84 54 78 26 41 1 63 23 43 8 69 60 82 57 81 87 33 24 89 29 17 27 70 46 91 40 98 25 7 42 4 28 85 83 80 62 75 2 12 93 6 45 37 58 72 55 76 95 13 64 11 52 65 47 71 15 94 32 53" score=5412.226445224035>
Generation no:9601
Best individual: <Individual chromosome="39 56 86 73 96 61 16 36 18 22 67 88 34 21 10 35 0 68 5 92 44 77 66 99 50 30 9 19 31 20 79 59 74 49 14 38 90 97 48 51 3 84 54 78 26 41 1 63 23 43 8 69 60 82 57 81 87 33 24 89 29 17 27 70 46 91 40 98 25 7 42 4 28 85 83 80 62 75 2 12 93 6 45 37 58 72 55 76 95 13 64 11 52 65 47 71 15 94 32 53" score=5412.226445224035>
Generation no:9801
Best individual: <Individual chromosome="39 56 86 73 96 61 16 36 18 22 67 88 34 21 10 35 0 68 5 92 44 77 66 99 50 30 9 19 31 20 79 59 74 49 14 38 90 97 48 51 3 84 54 78 26 41 1 63 23 43 8 69 60 82 57 81 87 33 24 89 29 17 27 70 46 91 40 98 25 7 42 4 28 85 83 80 62 75 2 12 93 6 45 37 58 72 55 76 95 13 64 11 52 65 47 71 15 94 32 53" score=5412.226445224035>
Generation no:10001
Best individual: <Individual chromosome="35 39 56 86 73 61 16 36 18 22 67 88 34 21 10 96 0 68 5 92 44 77 66 99 50 30 9 19 31 20 79 59 74 14 38 49 90 97 48 51 3 84 54 78 26 41 1 63 23 43 8 69 60 82 57 81 87 33 24 89 29 17 27 70 46 91 40 98 25 7 42 4 28 85 83 80 62 75 2 12 93 6 45 37 58 72 55 76 95 13 64 11 52 65 47 71 15 94 32 53" score=5403.019899997249>
Generation no:10201
Best individual: <Individual chromosome="35 39 56 86 73 61 16 36 18 22 67 88 34 21 10 96 0 68 5 92 44 77 66 99 50 30 9 19 31 20 79 59 74 14 38 49 90 97 48 51 3 84 54 78 26 41 1 63 23 43 8 69 60 82 57 81 87 33 24 89 29 17 27 70 46 91 40 98 25 7 42 4 28 85 83 80 62 75 2 12 93 6 45 37 58 72 55 76 95 13 64 11 52 65 47 71 15 94 32 53" score=5403.019899997249>
Generation no:10401
Best individual: <Individual chromosome="35 39 56 86 73 61 16 36 18 22 67 88 34 21 10 96 0 68 5 92 44 77 66 99 50 30 9 19 31 20 79 59 74 14 38 49 90 97 48 51 3 84 54 78 26 41 1 63 23 43 8 69 60 82 57 81 87 33 24 89 29 17 27 70 46 91 40 98 25 7 42 4 28 85 83 80 62 75 2 12 93 6 45 37 58 72 55 76 95 13 64 11 52 65 47 71 15 94 32 53" score=5403.019899997249>
Generation no:10601
Best individual: <Individual chromosome="35 39 56 86 73 61 16 36 18 22 67 88 34 21 10 96 0 68 5 92 44 77 66 99 50 30 9 19 31 20 79 59 74 14 38 49 90 97 48 51 3 84 54 78 26 41 1 63 23 43 8 69 60 82 57 81 87 33 24 89 29 17 27 70 46 91 40 98 25 7 42 4 28 85 83 80 62 75 2 12 93 6 45 37 58 72 55 76 95 13 64 11 52 65 47 71 15 94 32 53" score=5403.019899997249>
Generation no:10801
Best individual: <Individual chromosome="35 39 56 86 73 61 16 36 18 22 67 88 34 21 10 96 0 68 5 92 44 77 66 99 50 30 9 19 31 20 79 59 74 14 38 49 90 97 48 51 3 84 54 78 26 41 1 63 23 43 8 69 60 82 57 81 87 33 24 89 29 17 27 70 46 91 40 98 25 7 42 4 28 85 83 80 62 75 2 12 93 6 45 37 58 72 55 76 95 13 64 11 52 65 47 71 15 94 32 53" score=5403.019899997249>
Generation no:11001
Best individual: <Individual chromosome="35 39 56 86 73 61 16 36 18 22 67 88 34 21 10 96 0 68 5 92 44 77 66 99 50 30 9 19 31 20 79 59 74 14 49 90 97 48 51 3 84 54 78 26 41 1 63 23 38 43 8 69 60 82 57 81 87 33 24 89 29 17 27 70 46 91 40 98 25 7 42 4 28 85 83 80 62 75 2 12 93 6 45 37 58 72 55 76 95 13 64 11 52 65 47 71 15 94 32 53" score=5386.488147839929>
Generation no:11201
Best individual: <Individual chromosome="35 39 56 86 73 61 16 36 18 22 67 88 34 21 10 96 0 68 5 92 44 77 66 99 50 30 9 19 31 20 79 59 74 14 49 90 97 48 51 3 84 54 78 26 41 1 63 23 38 43 8 69 60 82 57 81 87 33 24 89 29 17 27 70 46 91 40 98 25 7 42 4 28 85 83 80 62 75 2 12 93 6 45 37 58 72 55 76 95 13 64 11 52 65 47 71 15 94 32 53" score=5386.488147839929>
Generation no:11401
Best individual: <Individual chromosome="35 39 56 86 73 61 16 36 18 22 67 88 34 21 10 96 0 68 5 92 44 77 66 99 50 30 9 19 31 20 79 59 74 14 49 90 97 48 51 3 84 54 78 26 41 1 63 23 38 43 8 69 60 82 57 81 87 33 24 89 29 17 27 70 46 91 40 98 25 7 42 4 28 85 83 80 62 75 2 12 93 6 45 37 58 72 55 76 95 13 64 11 52 65 47 71 15 94 32 53" score=5386.488147839929>
Generation no:11601
Best individual: <Individual chromosome="35 39 56 86 73 61 16 36 18 22 67 88 34 21 10 96 0 68 5 92 44 77 66 99 50 30 9 19 31 20 79 59 74 14 49 90 97 3 51 48 84 54 78 26 41 1 63 23 38 43 8 69 60 82 57 81 87 33 24 89 29 17 27 70 46 91 40 98 25 7 42 4 28 85 83 80 62 75 2 12 93 6 45 37 58 72 55 76 95 13 64 11 52 65 47 71 15 94 32 53" score=5368.788516408034>
Generation no:11801
Best individual: <Individual chromosome="35 39 56 86 73 61 16 36 18 22 67 88 34 21 10 96 0 68 5 92 44 77 66 99 50 30 9 19 31 20 79 59 74 14 49 90 97 3 51 48 84 54 78 26 41 1 63 23 38 43 8 69 60 82 57 81 87 33 24 89 29 17 27 70 46 91 40 98 25 7 42 4 28 85 83 80 62 75 2 12 93 6 45 37 58 72 55 76 95 13 64 11 52 65 47 71 15 94 32 53" score=5368.788516408034>
Generation no:12001
Best individual: <Individual chromosome="35 39 56 86 73 61 16 36 18 22 67 88 34 21 10 96 0 68 5 92 44 77 66 99 50 30 9 19 31 20 79 59 74 14 49 90 97 3 51 48 84 54 78 26 41 1 63 23 38 43 8 69 60 82 57 81 87 33 24 89 29 17 27 70 46 91 40 98 25 7 42 4 28 85 83 80 62 75 2 12 93 6 45 37 58 72 55 76 95 13 64 11 52 65 47 71 15 94 32 53" score=5368.788516408034>
Generation no:12201
Best individual: <Individual chromosome="35 39 56 86 73 61 16 36 18 22 67 88 34 21 10 96 0 68 5 92 44 77 66 99 50 30 9 19 31 20 79 59 74 14 49 90 97 3 51 48 84 54 78 26 41 1 63 23 38 43 8 69 60 82 57 81 87 33 24 89 29 17 27 70 46 91 40 98 25 7 42 4 28 85 83 80 62 75 2 12 93 6 45 37 58 72 55 76 95 13 64 11 52 65 47 71 15 94 32 53" score=5368.788516408034>
Generation no:12401
Best individual: <Individual chromosome="35 39 56 86 73 61 16 36 18 22 67 88 34 21 10 96 0 68 5 92 44 77 66 99 50 30 9 19 31 20 79 59 74 14 49 90 97 3 51 48 84 54 78 26 41 1 63 23 38 43 8 69 60 82 57 81 87 33 24 89 29 17 27 70 46 91 40 98 25 7 42 4 28 85 83 80 62 75 2 12 93 6 45 37 58 72 55 76 95 13 64 11 52 65 47 71 15 94 32 53" score=5368.788516408034>
Generation no:12601
Best individual: <Individual chromosome="35 39 56 86 73 61 16 36 18 22 67 88 34 21 10 96 0 68 5 92 44 77 66 99 50 30 9 19 31 20 79 59 74 14 49 90 97 3 51 48 84 54 78 26 41 1 63 23 38 43 8 69 60 82 57 81 87 33 24 89 29 17 27 70 46 91 40 98 25 7 42 4 28 85 83 80 62 75 2 12 93 6 45 37 58 72 55 76 95 13 64 11 52 65 47 71 15 94 32 53" score=5368.788516408034>
Generation no:12801
Best individual: <Individual chromosome="35 39 56 86 73 61 16 36 18 22 67 88 34 21 10 96 0 68 5 92 44 77 66 99 50 30 9 19 31 20 79 59 74 49 90 97 3 51 48 84 54 78 26 41 1 63 23 14 38 43 8 69 60 82 57 81 87 33 24 89 29 17 27 70 46 91 40 98 25 7 42 4 28 85 83 80 62 75 2 12 93 6 45 37 58 72 55 76 95 13 64 11 52 65 47 71 15 94 32 53" score=5323.703325433113>
Generation no:13001
Best individual: <Individual chromosome="35 39 56 86 73 61 16 36 18 22 67 88 34 21 10 96 0 68 5 92 44 77 66 99 50 30 9 19 31 20 79 59 74 49 90 97 3 51 48 84 54 78 26 41 1 63 23 14 38 43 8 69 60 82 57 81 87 33 24 89 29 17 27 70 46 91 40 98 25 7 42 4 28 85 83 80 62 75 2 12 93 6 45 37 58 72 55 76 95 13 64 11 52 65 47 71 15 94 32 53" score=5323.703325433113>
Generation no:13201
Best individual: <Individual chromosome="35 39 56 86 73 36 16 61 18 22 67 88 34 21 10 96 0 68 5 92 44 77 66 99 50 30 9 19 31 20 79 59 74 49 90 97 3 51 48 84 54 78 26 41 1 63 23 38 43 14 8 69 60 82 57 81 87 33 24 89 29 17 27 70 46 91 40 98 25 7 42 4 28 85 83 80 62 75 2 12 93 6 45 37 58 72 55 76 95 13 64 11 52 65 47 71 15 94 32 53" score=5258.709111312929>
Generation no:13401
Best individual: <Individual chromosome="35 39 56 86 73 36 16 61 18 22 67 88 34 21 10 96 0 68 5 92 44 77 66 99 50 30 9 19 31 20 79 59 74 49 90 97 3 51 48 84 54 78 26 41 1 63 23 38 43 14 8 69 60 82 57 81 87 33 24 89 29 17 27 70 46 91 40 98 25 7 42 4 28 85 83 80 62 75 2 12 93 6 45 37 58 72 55 76 95 13 64 11 52 65 47 71 15 94 32 53" score=5258.709111312929>
Generation no:13601
Best individual: <Individual chromosome="35 39 56 86 73 36 16 61 22 18 67 88 34 21 10 96 0 68 5 92 44 77 66 99 50 30 9 19 31 20 79 59 74 49 90 97 3 51 48 84 54 78 26 41 1 63 23 38 43 14 8 69 60 82 57 81 87 33 24 89 29 17 27 70 46 91 40 98 25 7 42 4 28 85 83 80 62 75 2 12 93 6 45 37 58 72 55 76 95 13 64 11 52 65 47 71 15 94 32 53" score=5246.992315826636>
Generation no:13801
Best individual: <Individual chromosome="35 39 56 86 73 36 16 61 22 18 67 88 34 21 10 96 0 68 5 92 44 77 66 99 50 30 9 19 31 20 79 59 74 49 90 97 3 51 48 84 54 78 26 41 1 63 23 38 43 14 8 69 60 82 57 81 87 33 24 89 29 17 27 70 46 91 40 98 25 7 42 4 28 85 83 80 62 75 2 12 93 6 45 37 58 72 55 76 95 13 64 11 52 65 47 71 15 94 32 53" score=5246.992315826636>
Generation no:14001
Best individual: <Individual chromosome="35 39 56 86 73 36 16 61 22 18 67 88 34 21 10 96 0 68 5 92 44 77 66 99 50 30 9 19 31 20 79 59 74 49 90 97 3 51 48 84 54 78 26 41 1 63 23 38 43 14 8 69 60 82 57 81 87 33 24 89 29 17 27 70 46 91 40 98 25 7 42 4 28 85 83 80 62 75 2 12 93 6 45 37 58 72 55 76 95 13 64 11 52 65 47 71 15 94 32 53" score=5246.992315826636>
Generation no:14201
Best individual: <Individual chromosome="35 39 56 86 73 36 16 61 22 18 67 88 34 21 10 96 0 68 5 92 44 77 69 99 50 30 9 19 31 20 79 59 74 49 90 97 3 51 48 84 54 78 26 41 1 63 23 38 43 8 14 66 60 82 57 7 81 87 33 24 89 29 17 27 70 46 91 40 98 25 42 4 28 85 83 80 62 75 2 12 93 6 45 37 58 72 55 76 95 13 64 11 52 47 53 71 15 94 32 65" score=5212.74088321399>
Generation no:14401
Best individual: <Individual chromosome="35 39 56 86 73 36 16 61 22 18 67 88 34 21 10 96 0 68 5 92 44 77 69 99 50 30 9 19 31 20 79 59 74 49 90 97 3 51 48 84 54 78 26 41 1 63 23 38 43 8 14 66 60 82 57 7 81 87 33 24 89 29 17 27 70 46 91 40 98 25 42 4 28 85 83 80 62 75 2 12 93 6 45 37 58 72 55 76 95 13 64 11 52 47 53 71 15 94 32 65" score=5212.74088321399>
Generation no:14601
Best individual: <Individual chromosome="35 39 56 86 73 36 16 61 22 18 67 88 34 21 10 96 0 68 5 92 44 77 69 99 50 30 9 19 31 20 79 59 74 49 90 97 3 51 48 84 54 78 26 41 1 63 23 38 43 8 14 66 60 82 57 7 81 87 33 24 89 29 17 27 70 46 91 40 98 25 42 4 28 85 83 80 62 75 2 12 93 6 45 37 58 72 55 76 95 13 64 11 52 47 53 71 15 94 32 65" score=5212.74088321399>
Generation no:14801
Best individual: <Individual chromosome="35 39 56 86 73 36 16 61 22 18 67 88 34 21 10 96 0 68 5 92 44 77 69 99 50 30 9 19 31 20 79 59 74 49 90 97 3 51 48 84 54 78 26 41 1 63 23 38 43 8 14 66 60 82 57 7 81 87 33 24 89 29 17 27 70 46 91 40 98 25 42 4 28 85 83 80 62 75 2 12 93 6 45 37 58 72 55 76 95 13 64 11 52 47 53 71 15 94 32 65" score=5212.74088321399>
Generation no:15001
Best individual: <Individual chromosome="35 39 56 86 73 36 16 61 22 18 67 88 34 21 10 96 0 68 5 92 44 77 69 99 50 30 9 19 31 20 79 59 74 49 90 97 3 51 48 84 54 78 26 41 1 63 23 38 43 8 14 66 60 82 57 7 81 87 33 24 89 29 17 27 70 46 91 40 98 25 42 4 28 85 83 80 62 75 2 12 93 6 45 37 58 72 55 76 95 13 64 11 52 47 53 71 15 94 32 65" score=5212.74088321399>
Generation no:15201
Best individual: <Individual chromosome="35 39 56 86 73 36 16 61 22 18 67 88 34 21 10 96 0 68 5 92 44 77 69 99 50 30 9 19 31 20 79 59 74 49 90 97 3 51 48 84 54 78 26 41 1 63 23 38 43 8 14 66 60 82 57 7 81 87 33 24 89 29 17 27 70 46 91 40 98 25 42 4 28 85 83 80 62 75 2 12 93 6 45 37 58 72 55 76 95 13 64 11 52 47 53 71 15 94 32 65" score=5212.74088321399>
Generation no:15401
Best individual: <Individual chromosome="35 39 56 86 73 36 16 61 22 18 67 88 34 21 10 96 0 68 5 92 44 77 66 99 50 30 9 19 31 20 79 59 74 49 90 97 3 51 48 84 54 78 26 41 1 63 23 38 43 8 14 69 60 82 57 81 87 33 24 89 29 17 27 70 46 91 40 98 25 7 42 4 28 85 83 80 62 75 2 12 93 6 45 37 58 72 55 76 95 53 13 64 11 52 47 71 15 32 94 65" score=5149.664579024945>
Generation no:15601
Best individual: <Individual chromosome="35 39 56 86 73 36 16 61 22 18 67 88 34 21 10 96 0 68 5 92 44 77 66 99 50 30 9 19 31 20 79 59 74 49 90 97 3 51 48 84 54 78 26 41 1 63 23 38 43 8 14 69 60 82 57 81 87 33 24 89 29 17 27 70 46 91 40 98 25 7 42 4 28 85 83 80 62 75 2 12 93 6 45 37 58 72 55 76 95 53 13 64 11 52 47 71 15 32 94 65" score=5149.664579024945>
Generation no:15801
Best individual: <Individual chromosome="35 39 56 86 73 36 16 61 22 18 67 88 34 21 10 96 0 68 5 92 44 77 66 99 50 30 9 19 31 20 79 59 74 49 90 97 3 51 48 84 54 78 26 41 1 63 23 38 43 8 14 69 60 82 57 81 87 33 24 89 29 17 27 70 46 91 40 98 25 7 42 4 28 85 83 80 62 75 2 12 93 6 45 37 58 72 55 76 95 53 13 64 11 52 47 71 15 32 94 65" score=5149.664579024945>
Generation no:16001
Best individual: <Individual chromosome="35 39 56 86 73 36 16 61 22 18 67 88 34 21 10 96 0 68 5 92 44 77 66 99 50 30 9 19 31 20 79 59 74 49 90 97 3 51 48 84 54 78 26 41 1 63 23 38 43 8 14 69 60 82 57 81 87 33 24 89 29 17 27 70 46 91 40 98 25 7 42 4 28 85 83 80 62 75 2 12 93 6 45 37 58 72 55 76 95 53 13 64 11 52 47 71 15 32 94 65" score=5149.664579024945>
Generation no:16201
Best individual: <Individual chromosome="56 39 35 86 73 36 16 61 22 18 67 88 34 21 10 96 0 68 5 92 44 77 66 99 50 9 30 19 31 20 79 59 74 49 90 97 3 51 48 84 54 78 26 41 1 63 23 38 43 8 14 69 60 82 57 81 87 33 24 89 29 17 27 70 46 91 40 98 25 7 42 4 28 85 83 80 62 75 2 12 93 6 45 37 58 72 55 76 95 53 13 64 11 52 47 71 15 32 94 65" score=5136.673927289962>
Generation no:16401
Best individual: <Individual chromosome="56 39 35 86 73 36 16 61 22 18 67 88 34 21 10 96 0 68 5 92 44 77 66 99 50 9 30 19 31 20 79 59 74 49 90 97 3 51 48 84 54 78 26 41 1 63 23 38 43 8 14 69 60 82 57 81 87 33 24 89 29 17 27 70 46 91 40 98 25 7 42 4 28 85 83 80 62 75 2 12 93 6 45 37 58 72 95 76 55 53 13 64 11 52 47 71 15 32 94 65" score=5132.727587673742>
Generation no:16601
Best individual: <Individual chromosome="56 39 35 86 73 36 16 61 22 18 67 88 34 21 10 96 0 68 5 92 44 77 66 99 50 9 30 19 31 20 79 59 74 49 90 97 3 51 48 84 54 78 26 41 1 63 23 38 43 8 14 69 60 82 57 81 87 33 24 89 29 17 27 70 46 91 40 98 25 7 42 4 28 85 83 80 62 75 2 12 93 6 45 37 58 72 95 76 55 53 13 64 11 52 47 71 15 32 94 65" score=5132.727587673742>
Generation no:16801
Best individual: <Individual chromosome="56 39 35 86 73 36 16 61 22 18 67 88 34 21 10 96 0 68 5 92 44 77 66 99 50 9 30 19 31 20 79 59 74 49 90 97 3 51 48 84 54 78 26 41 1 63 23 38 43 8 14 69 60 82 57 81 87 33 24 89 29 17 27 70 46 91 40 98 25 7 42 4 28 85 83 80 62 75 2 12 93 6 45 37 58 72 95 76 55 53 13 64 11 52 47 71 15 32 94 65" score=5132.727587673742>
Generation no:17001
Best individual: <Individual chromosome="56 39 35 86 73 36 16 61 22 18 67 88 34 21 10 96 0 68 5 92 44 77 66 99 50 9 30 19 31 20 79 59 74 49 90 97 3 51 48 84 54 78 26 41 1 63 23 38 43 8 14 69 60 82 57 81 87 33 24 89 29 17 27 70 46 91 40 98 25 7 42 4 28 85 83 80 62 75 2 12 93 6 45 37 58 72 95 76 55 53 13 64 11 52 47 71 15 32 94 65" score=5132.727587673742>
Generation no:17201
Best individual: <Individual chromosome="56 39 35 86 73 36 16 61 22 18 67 88 34 21 10 96 0 68 5 92 44 77 66 99 50 9 30 19 31 20 79 59 74 49 90 97 3 51 48 84 54 78 26 41 1 63 23 38 43 8 14 69 60 82 57 81 87 33 24 89 29 17 27 70 46 91 40 98 25 7 42 4 28 85 83 80 62 75 2 12 93 6 45 37 58 72 95 76 55 53 13 64 11 52 47 71 15 32 94 65" score=5132.727587673742>
Generation no:17401
Best individual: <Individual chromosome="56 39 35 86 73 36 16 61 22 18 67 88 34 21 10 96 0 68 5 92 44 77 66 99 50 9 30 19 31 20 79 59 74 49 90 97 3 51 48 84 54 78 26 41 1 63 23 38 43 8 14 69 60 82 57 81 87 33 24 89 29 17 27 70 46 91 40 98 25 7 42 4 28 85 83 80 62 75 2 12 93 6 45 37 58 72 95 76 55 53 13 64 11 52 47 71 15 32 94 65" score=5132.727587673742>
Generation no:17601
Best individual: <Individual chromosome="56 39 35 86 73 36 16 61 22 18 67 88 34 21 10 96 0 68 5 92 44 77 66 99 50 9 30 19 31 20 79 59 74 49 90 97 3 51 48 84 54 78 26 41 1 63 23 38 43 8 14 69 60 82 57 81 87 33 24 89 29 17 27 70 46 91 40 98 25 7 42 4 28 85 83 80 62 75 2 12 93 6 45 37 58 72 95 76 55 53 13 64 11 52 47 71 15 32 94 65" score=5132.727587673742>
Generation no:17801
Best individual: <Individual chromosome="56 35 39 86 73 36 16 61 22 18 67 88 34 21 10 96 0 68 5 92 44 77 66 99 50 9 30 19 31 20 79 59 74 49 90 97 3 51 48 84 54 78 26 41 1 63 23 38 43 8 14 69 60 82 57 81 87 33 24 89 29 17 27 70 46 91 40 98 25 7 42 4 28 85 83 80 62 75 2 12 93 6 45 37 58 72 95 76 55 53 13 64 11 52 47 71 15 32 94 65" score=5132.152861551147>
Generation no:18001
Best individual: <Individual chromosome="56 35 39 86 73 36 16 61 22 18 67 88 34 21 10 96 0 68 5 92 44 77 66 99 50 9 30 19 31 20 79 59 74 49 90 97 3 51 48 84 54 78 26 41 1 63 23 38 43 8 14 69 60 82 57 81 87 33 24 89 29 17 27 70 46 91 40 98 25 7 42 4 28 85 83 80 62 75 2 12 93 6 45 37 58 72 95 76 55 53 13 64 11 52 47 71 15 32 94 65" score=5132.152861551147>
Generation no:18201
Best individual: <Individual chromosome="56 35 39 86 73 36 16 61 22 18 67 88 34 21 10 96 0 68 5 92 44 77 66 99 50 9 30 19 31 20 79 59 74 49 90 97 3 51 48 84 54 78 26 41 1 63 23 38 43 8 14 69 60 82 57 81 87 33 24 89 29 17 27 70 46 91 40 98 25 7 42 4 28 85 83 80 62 75 2 12 93 6 45 37 58 72 95 76 55 53 13 64 11 52 47 71 15 32 94 65" score=5132.152861551147>
Generation no:18401
Best individual: <Individual chromosome="56 35 39 86 73 36 16 61 22 18 67 88 34 21 10 96 0 68 5 92 44 77 66 99 50 9 30 19 31 20 79 59 74 49 90 97 3 51 48 84 54 78 26 41 1 63 23 38 43 8 14 69 60 82 57 81 87 33 24 89 29 17 27 70 46 91 40 98 25 7 42 4 28 85 83 80 62 75 2 12 93 6 45 37 58 72 95 76 55 53 13 64 11 52 47 71 15 32 94 65" score=5132.152861551147>
Generation no:18601
Best individual: <Individual chromosome="56 35 39 86 73 36 16 61 22 18 67 88 34 21 10 96 0 68 5 92 44 77 66 99 50 9 30 19 31 20 79 59 74 49 90 97 3 51 48 84 54 78 26 41 1 63 23 38 43 8 14 69 60 82 57 81 87 33 24 89 29 17 27 70 46 91 40 98 25 7 42 4 28 85 83 80 62 75 2 12 93 6 45 37 58 72 95 76 55 53 13 64 11 52 47 71 15 32 94 65" score=5132.152861551147>
Generation no:18801
Best individual: <Individual chromosome="56 35 39 86 73 36 16 61 22 18 67 88 34 21 10 96 0 68 5 92 44 77 66 99 50 9 30 19 31 20 79 59 74 49 90 97 3 51 48 84 54 78 26 41 1 63 23 38 43 8 14 69 60 82 57 81 87 33 24 89 29 17 27 70 46 91 40 98 25 7 42 4 28 85 83 80 62 75 2 12 93 6 45 37 58 72 95 76 55 53 13 64 11 52 47 71 15 32 94 65" score=5132.152861551147>
Generation no:19001
Best individual: <Individual chromosome="56 35 39 86 73 36 16 61 22 18 67 88 34 21 10 96 0 68 5 92 44 77 66 99 50 9 30 19 31 20 79 59 74 49 90 97 3 51 48 84 54 78 26 41 1 63 23 38 43 8 14 69 60 82 57 81 87 33 24 89 29 17 27 70 46 91 40 98 25 7 42 4 28 85 83 80 62 75 2 12 93 6 45 37 58 72 95 76 55 53 13 64 11 52 47 71 15 32 94 65" score=5132.152861551147>
Generation no:19201
Best individual: <Individual chromosome="56 35 39 86 73 36 16 61 22 18 67 88 34 21 10 96 0 68 5 92 44 77 66 99 50 9 30 19 31 20 79 59 74 49 90 97 3 51 48 84 54 78 26 41 1 63 23 38 43 8 14 69 60 82 57 81 87 33 24 89 29 17 27 70 46 91 40 98 25 7 42 4 28 85 83 80 62 75 2 12 93 6 45 37 58 72 95 76 55 53 13 64 11 52 47 71 15 32 94 65" score=5132.152861551147>
Generation no:19401
Best individual: <Individual chromosome="56 35 39 86 73 36 16 61 22 18 67 88 34 21 10 96 0 68 5 92 44 77 66 99 50 9 30 19 31 20 79 59 74 49 90 97 3 51 48 84 54 78 26 41 1 63 23 38 43 8 14 69 60 82 57 81 87 33 24 89 29 17 27 70 46 91 40 98 25 7 42 4 28 85 83 80 62 75 2 12 93 6 45 37 58 72 95 76 55 53 13 64 11 52 47 71 15 32 94 65" score=5132.152861551147>
Generation no:19601
Best individual: <Individual chromosome="56 35 39 86 73 36 16 61 22 18 67 88 34 21 10 96 0 68 5 92 44 77 66 99 50 9 30 19 31 20 79 59 74 49 90 97 3 51 48 84 54 78 26 41 1 63 23 38 43 8 14 69 60 82 57 81 87 33 24 89 29 17 27 70 46 91 40 98 25 7 42 4 28 85 83 80 62 75 2 12 93 6 45 37 58 72 95 76 55 53 13 64 11 52 47 71 15 32 94 65" score=5132.152861551147>
Generation no:19801
Best individual: <Individual chromosome="56 35 39 86 73 36 16 61 22 18 67 88 34 21 10 96 0 68 5 92 44 77 66 99 50 9 30 19 31 20 79 59 74 49 90 97 3 51 48 84 54 78 26 41 1 63 23 38 43 8 14 69 60 82 57 81 87 33 24 89 29 17 27 70 46 91 40 98 25 7 42 4 28 85 83 80 62 75 2 12 93 6 45 37 58 72 95 76 55 53 13 64 11 52 47 71 15 32 94 65" score=5132.152861551147>
Generation no:20001
Best individual: <Individual chromosome="56 35 39 86 73 36 16 61 22 18 67 88 34 21 10 96 0 68 5 92 44 77 66 99 50 9 30 19 31 20 79 59 74 49 90 97 3 51 48 84 54 78 26 41 1 63 23 38 43 8 14 69 60 82 57 81 87 33 24 89 29 17 27 70 46 91 40 98 25 7 42 4 28 85 83 80 62 75 2 12 93 6 45 37 58 72 95 76 55 53 13 64 11 52 47 71 15 32 94 65" score=5132.152861551147>
Generation no:20201
Best individual: <Individual chromosome="56 35 39 86 73 36 16 61 22 18 67 88 34 21 10 96 0 68 5 92 44 77 66 99 50 9 30 19 31 20 79 59 74 49 90 97 3 51 48 84 54 78 26 41 1 63 23 38 43 8 14 69 60 82 57 81 87 33 24 89 29 17 27 70 46 91 40 98 25 7 42 4 28 85 83 80 62 75 2 12 93 6 45 37 58 72 95 76 55 53 13 64 11 52 47 71 15 32 94 65" score=5132.152861551147>
Generation no:20401
Best individual: <Individual chromosome="56 35 39 86 73 36 16 61 22 18 67 88 34 21 10 96 0 68 5 92 44 77 66 99 50 9 30 19 31 20 79 59 74 49 90 97 3 51 48 84 54 78 26 41 1 63 23 38 43 8 14 69 60 82 57 81 87 33 24 89 29 17 27 70 46 91 40 98 25 7 42 4 28 85 83 80 62 75 2 12 93 6 45 37 58 72 95 76 55 53 13 64 11 52 47 71 15 32 94 65" score=5132.152861551147>
Generation no:20601
Best individual: <Individual chromosome="56 35 39 86 73 36 16 61 22 18 67 88 34 21 10 96 0 68 5 92 44 77 66 99 50 9 30 19 31 20 79 59 74 49 90 97 3 51 48 84 54 78 26 41 1 63 23 38 43 8 14 69 60 82 57 81 87 33 24 89 29 17 27 70 46 91 40 98 25 7 42 4 28 85 83 80 62 75 2 12 93 6 45 37 58 72 95 76 55 53 13 64 11 52 47 71 15 32 94 65" score=5132.152861551147>
Generation no:20801
Best individual: <Individual chromosome="56 35 39 86 73 36 16 61 22 18 67 88 34 21 10 96 0 68 5 92 44 77 66 99 50 9 30 19 31 20 79 59 74 49 90 97 3 51 48 84 54 78 26 41 1 63 23 38 43 8 14 69 60 82 57 81 87 33 24 89 29 17 27 70 46 91 40 98 25 7 42 4 28 85 83 80 62 75 2 12 93 6 45 37 58 72 95 76 55 53 13 64 11 52 47 71 15 32 94 65" score=5132.152861551147>
Generation no:21001
Best individual: <Individual chromosome="56 35 39 86 73 36 16 61 22 18 67 88 34 21 10 96 0 68 5 92 44 77 66 99 50 9 30 19 31 20 79 59 74 49 90 97 3 51 48 84 54 78 26 41 1 63 23 38 43 8 14 69 60 82 57 81 87 33 24 89 29 17 27 70 46 91 40 98 25 7 42 4 28 85 83 80 62 75 2 12 93 6 45 37 58 72 95 76 55 53 13 64 11 52 47 71 15 32 94 65" score=5132.152861551147>
Generation no:21201
Best individual: <Individual chromosome="56 35 39 86 73 36 16 61 22 18 67 88 34 21 10 96 0 68 5 92 44 77 66 99 50 9 30 19 31 20 79 59 74 49 90 97 3 51 48 84 54 78 26 41 1 63 23 38 43 8 14 69 60 82 57 81 87 33 24 89 29 17 27 70 46 91 40 98 25 7 42 4 28 85 83 80 62 75 2 12 93 6 45 37 58 72 95 76 55 53 13 64 11 52 47 71 15 32 94 65" score=5132.152861551147>
Generation no:21401
Best individual: <Individual chromosome="56 35 39 86 73 36 16 61 22 18 67 88 34 21 10 96 0 68 5 92 44 77 66 99 50 9 30 19 31 20 79 59 74 49 90 97 3 51 48 84 54 78 26 41 1 63 23 38 43 8 14 69 60 82 57 81 87 33 24 89 29 17 27 70 46 91 40 98 25 7 42 4 28 85 83 80 62 75 2 12 93 6 45 37 58 72 95 76 55 53 13 64 11 52 47 71 15 32 94 65" score=5132.152861551147>
Generation no:21601
Best individual: <Individual chromosome="56 35 39 86 73 36 16 61 22 18 67 88 34 21 10 96 0 68 5 92 44 77 66 99 50 9 30 19 31 20 79 59 74 49 90 97 3 51 48 84 54 78 26 41 1 63 23 38 43 8 14 69 60 82 57 81 87 33 24 89 29 17 27 70 46 91 40 98 25 7 42 4 28 85 83 80 62 75 2 12 93 6 45 37 58 72 95 76 55 53 13 64 11 52 47 71 15 32 94 65" score=5132.152861551147>
Generation no:21801
Best individual: <Individual chromosome="96 35 39 86 73 36 16 61 22 18 67 88 34 21 10 56 0 68 5 92 44 77 66 99 50 9 30 19 31 20 79 59 74 49 90 97 3 51 48 84 54 78 26 41 1 63 23 38 43 8 14 69 60 82 57 81 87 33 24 89 29 17 27 70 46 91 40 98 25 7 42 4 28 85 83 80 62 75 2 12 93 6 45 37 58 72 95 76 55 53 13 64 11 52 47 71 15 32 94 65" score=5089.167840289956>
Generation no:22001
Best individual: <Individual chromosome="96 35 39 86 73 36 16 61 22 18 67 88 34 21 10 56 0 68 5 92 44 77 66 99 50 9 30 19 31 20 79 59 74 49 90 97 3 51 48 84 54 78 26 41 1 63 23 38 43 8 14 69 60 82 57 81 87 33 24 89 29 17 27 70 46 91 40 98 25 7 42 4 28 85 83 80 62 75 2 12 93 6 45 37 58 72 95 76 55 53 13 64 11 52 47 71 15 32 94 65" score=5089.167840289956>
Generation no:22201
Best individual: <Individual chromosome="96 35 39 86 73 36 16 61 22 18 67 88 34 21 10 56 0 68 5 92 44 77 66 99 50 9 30 19 31 20 79 59 74 49 90 97 3 51 48 84 54 78 26 41 1 63 23 38 43 8 14 69 60 82 57 81 87 33 24 89 29 17 27 70 46 91 40 98 25 7 42 4 28 85 83 80 62 75 2 12 93 6 45 37 58 72 95 76 55 53 13 64 11 52 47 71 15 32 94 65" score=5089.167840289956>
Generation no:22401
Best individual: <Individual chromosome="96 35 39 86 73 36 16 61 22 18 67 88 34 21 10 56 0 68 5 92 44 77 66 99 50 9 30 19 31 20 79 59 74 49 90 97 3 51 48 84 54 78 26 41 1 63 23 38 43 8 14 69 60 82 57 81 87 33 24 89 29 17 27 70 46 91 40 98 25 7 42 4 28 85 83 80 62 75 2 12 93 6 45 37 58 72 95 76 55 53 13 64 11 52 47 71 15 32 94 65" score=5089.167840289956>
Generation no:22601
Best individual: <Individual chromosome="96 35 39 86 73 36 16 61 22 18 67 88 34 21 10 56 0 68 5 92 44 77 66 99 50 9 30 19 31 20 79 59 74 49 90 97 3 51 48 84 54 78 26 41 1 63 23 38 43 8 14 69 60 82 57 81 87 33 24 89 29 17 27 70 46 91 40 98 25 7 42 4 28 85 83 80 62 75 2 12 93 6 45 37 58 72 95 76 55 53 13 64 11 52 47 71 15 32 94 65" score=5089.167840289956>
Generation no:22801
Best individual: <Individual chromosome="96 35 39 86 73 36 16 61 22 18 67 88 34 21 10 56 0 68 5 92 44 77 66 99 50 9 30 19 31 20 79 59 74 49 90 97 3 51 48 84 54 78 26 41 1 63 23 38 43 8 14 69 60 82 57 81 87 33 24 89 29 17 27 70 46 91 40 98 25 7 42 4 28 85 83 80 62 75 2 12 93 6 45 37 58 72 95 76 55 53 13 64 11 52 47 71 15 32 94 65" score=5089.167840289956>
Generation no:23001
Best individual: <Individual chromosome="96 35 39 86 73 36 16 61 22 18 67 88 34 21 10 56 0 68 5 92 44 77 66 99 50 9 30 19 31 20 79 59 74 49 90 97 3 51 48 84 54 78 26 41 1 63 23 38 43 8 14 69 60 82 57 81 87 33 24 89 29 17 27 70 46 91 40 98 25 7 42 4 28 85 83 80 62 75 2 12 93 6 45 37 58 72 95 76 55 53 13 64 11 52 47 71 15 32 94 65" score=5089.167840289956>
Generation no:23201
Best individual: <Individual chromosome="96 35 39 86 73 36 16 61 22 18 67 88 34 21 10 56 0 68 5 92 44 77 66 99 50 9 30 19 31 20 79 59 74 49 90 97 3 51 48 84 54 78 26 41 1 63 23 38 43 8 14 69 60 82 57 81 87 33 24 89 29 17 27 70 46 91 40 98 25 7 42 4 28 85 83 80 62 75 2 12 93 6 45 37 58 72 95 76 55 53 13 64 11 52 47 71 15 32 94 65" score=5089.167840289956>
Generation no:23401
Best individual: <Individual chromosome="96 35 39 86 73 36 16 61 22 18 67 88 34 21 10 56 0 68 5 92 44 77 66 99 50 9 30 19 31 20 79 59 74 49 90 97 3 51 48 84 54 78 26 41 1 63 23 38 43 8 14 69 60 82 57 81 87 33 24 89 29 17 27 70 46 91 40 98 25 7 42 4 28 85 83 80 62 75 2 12 93 6 45 37 58 72 95 76 55 53 13 64 11 52 47 71 15 32 94 65" score=5089.167840289956>
Generation no:23601
Best individual: <Individual chromosome="96 35 39 86 73 36 16 61 22 18 67 88 34 21 10 56 0 68 5 92 44 77 66 99 50 9 30 19 31 20 79 59 74 49 90 97 3 51 48 84 54 78 26 41 1 63 23 38 43 8 14 69 60 82 57 81 87 33 24 89 29 17 27 70 46 91 40 98 25 7 42 4 28 85 83 80 62 75 2 12 93 6 45 37 58 72 95 76 55 53 13 64 11 52 47 71 15 32 94 65" score=5089.167840289956>
Generation no:23801
Best individual: <Individual chromosome="96 35 39 86 73 36 16 61 22 18 67 88 34 21 10 56 0 68 5 92 44 77 66 99 50 9 30 19 31 20 79 59 74 49 90 97 3 51 48 84 54 78 26 41 1 63 23 38 43 8 14 69 60 82 57 81 87 33 24 89 29 17 27 70 46 91 40 98 25 7 42 4 28 85 83 80 62 75 2 12 93 6 45 37 58 72 95 76 55 53 13 64 11 52 47 71 15 32 94 65" score=5089.167840289956>
Generation no:24001
Best individual: <Individual chromosome="96 35 39 86 73 36 16 61 22 18 67 88 34 21 10 56 0 68 5 92 44 77 66 99 50 9 30 19 31 20 79 59 74 49 90 97 3 51 48 84 54 78 26 41 1 63 23 38 43 8 14 69 60 82 57 81 87 33 24 89 29 17 27 70 46 91 40 98 25 7 42 4 28 85 83 80 62 75 2 12 93 6 45 37 58 72 95 76 55 53 13 64 11 52 47 71 15 32 94 65" score=5089.167840289956>
Generation no:24201
Best individual: <Individual chromosome="96 35 39 86 73 36 16 61 22 18 67 88 34 21 10 56 0 68 5 92 44 77 66 99 50 9 30 19 31 20 79 59 74 49 90 97 3 51 48 84 54 78 26 41 1 63 23 38 43 8 14 69 60 82 57 81 87 33 24 89 29 17 27 70 46 91 40 98 25 7 42 4 28 85 83 80 62 75 2 12 93 6 45 37 58 72 95 76 55 53 13 64 11 52 47 71 15 32 94 65" score=5089.167840289956>
Generation no:24401
Best individual: <Individual chromosome="96 35 39 86 73 36 16 61 22 18 67 88 34 21 10 56 0 68 5 92 44 77 66 99 50 9 30 19 31 20 79 59 74 49 90 97 3 51 48 84 54 78 26 41 1 63 23 38 43 8 14 69 60 82 57 81 87 33 24 89 29 17 27 70 46 91 40 98 25 7 42 4 28 85 83 80 62 75 2 12 93 6 45 37 58 72 95 76 55 53 13 64 11 52 47 71 15 32 94 65" score=5089.167840289956>
Generation no:24601
Best individual: <Individual chromosome="96 35 39 86 73 36 16 61 22 18 67 88 34 21 10 56 0 68 5 92 44 77 66 99 50 9 30 19 31 20 79 59 74 49 90 97 3 51 48 84 54 78 26 41 1 63 23 38 43 8 14 69 60 82 57 81 87 33 24 89 29 17 27 70 46 91 40 98 25 7 42 4 28 85 83 80 62 75 2 12 93 6 45 37 58 72 95 76 55 53 13 64 11 52 47 71 15 32 94 65" score=5089.167840289956>
Generation no:24801
Best individual: <Individual chromosome="96 35 39 86 73 36 16 61 22 18 67 88 34 21 10 56 0 68 5 92 44 77 66 99 50 9 30 19 31 20 79 59 74 49 90 97 3 51 48 84 54 78 26 41 1 63 23 38 43 8 14 69 60 82 57 81 87 33 24 89 29 17 27 70 46 91 40 98 25 7 42 4 28 85 83 80 62 75 2 12 93 6 45 37 58 72 95 76 55 53 13 64 11 52 47 71 15 32 94 65" score=5089.167840289956>
Generation no:25001
Best individual: <Individual chromosome="96 35 39 86 73 36 16 61 22 18 67 88 34 21 10 56 0 68 5 92 44 77 66 99 50 9 30 19 31 20 79 59 74 49 90 97 3 51 48 84 54 78 26 41 1 63 23 38 43 8 14 69 60 82 57 81 87 33 24 89 29 17 27 70 46 91 40 98 25 7 42 4 28 85 83 80 62 75 2 12 93 6 45 37 58 72 95 76 55 53 13 64 11 52 47 71 15 32 94 65" score=5089.167840289956>
Generation no:25201
Best individual: <Individual chromosome="96 35 39 86 73 36 16 61 22 18 67 88 34 21 10 56 0 68 5 92 44 77 66 99 50 9 30 19 31 20 79 59 74 49 90 97 3 51 48 84 54 78 26 41 1 63 23 38 43 8 14 69 60 82 57 81 87 33 24 89 29 17 27 70 46 91 40 98 25 7 42 4 28 85 83 80 62 75 2 12 93 6 45 37 58 72 95 76 55 53 13 64 11 52 47 71 15 32 94 65" score=5089.167840289956>
Generation no:25401
Best individual: <Individual chromosome="96 35 39 86 73 36 16 61 22 18 67 88 34 21 10 56 0 68 5 92 44 77 66 99 50 9 30 19 31 20 79 59 74 49 90 97 3 51 48 84 54 78 26 41 1 63 23 38 43 8 14 69 60 82 57 81 87 33 24 89 29 17 27 70 46 91 40 98 25 7 42 4 28 85 83 80 62 75 2 12 93 6 45 37 58 72 95 76 55 53 13 64 11 52 47 71 15 32 94 65" score=5089.167840289956>
Generation no:25601
Best individual: <Individual chromosome="96 35 39 86 73 36 16 61 22 18 67 88 34 21 10 56 0 68 5 92 44 77 66 99 50 9 30 19 31 20 79 59 74 49 90 97 3 51 48 84 54 78 26 41 1 63 23 38 43 8 14 69 60 82 57 81 87 33 24 89 29 17 27 70 46 91 40 98 25 7 42 4 28 85 83 80 62 75 2 12 93 6 45 37 58 72 95 76 55 53 13 64 11 52 47 71 15 32 94 65" score=5089.167840289956>
Generation no:25801
Best individual: <Individual chromosome="96 35 39 86 73 36 16 61 22 18 67 88 34 21 10 56 0 68 5 92 44 77 66 99 50 9 30 19 31 20 79 59 74 49 90 97 3 51 48 84 54 78 26 41 1 63 23 38 43 8 14 69 60 82 57 81 87 33 24 89 29 17 27 70 46 91 40 98 25 7 42 4 28 85 83 80 62 75 2 12 93 6 45 37 58 72 95 76 55 53 13 64 11 52 47 71 15 32 94 65" score=5089.167840289956>
Generation no:26001
Best individual: <Individual chromosome="96 35 39 86 73 36 16 61 22 18 67 88 34 21 10 56 0 68 5 92 44 77 66 99 50 9 30 19 31 20 79 59 74 49 90 97 3 51 48 84 54 78 26 41 1 63 23 38 43 8 14 69 60 82 57 81 87 33 24 89 29 17 27 70 46 91 40 98 25 7 42 4 28 85 83 80 62 75 2 12 93 6 45 37 58 72 95 76 55 53 13 64 11 52 47 71 15 32 94 65" score=5089.167840289956>
Generation no:26201
Best individual: <Individual chromosome="96 35 39 86 73 36 16 61 22 18 67 88 34 21 10 56 0 68 5 92 44 77 66 99 50 9 30 19 31 20 79 59 74 49 90 97 3 51 48 84 54 78 26 41 1 63 23 38 43 8 14 69 60 82 57 81 87 33 24 89 29 17 27 70 46 91 40 98 25 7 42 4 28 85 83 80 62 75 2 12 93 6 45 37 58 72 95 76 55 53 13 64 11 52 47 71 15 32 94 65" score=5089.167840289956>
Generation no:26401
Best individual: <Individual chromosome="96 35 39 86 73 36 16 61 22 18 67 88 34 21 10 56 0 68 5 92 44 77 66 99 50 9 30 19 31 20 79 59 74 49 90 97 3 51 48 84 54 78 26 41 1 63 23 38 43 8 14 69 60 82 57 81 87 33 24 89 29 17 27 70 46 91 40 98 25 7 42 4 28 85 83 80 62 75 2 12 93 6 45 37 58 72 95 76 55 53 13 64 11 52 47 71 15 32 94 65" score=5089.167840289956>
Generation no:26601
Best individual: <Individual chromosome="96 35 39 86 73 36 16 61 22 18 67 88 34 21 10 56 0 68 5 92 44 77 66 99 50 9 30 19 31 20 79 74 49 90 97 3 51 48 84 54 78 26 41 1 63 23 38 43 8 14 69 60 82 59 57 81 87 33 24 89 29 17 27 70 46 91 40 98 25 7 42 4 28 85 83 80 62 75 2 12 93 6 45 37 58 72 95 76 55 53 13 64 11 52 47 71 15 32 94 65" score=5046.959717810391>
Generation no:26801
Best individual: <Individual chromosome="96 35 39 86 73 36 16 61 22 18 67 88 34 21 10 56 0 68 5 92 44 77 66 99 50 9 30 19 31 20 79 74 49 90 97 3 51 48 84 54 78 26 41 1 63 23 38 43 8 14 69 60 82 59 57 81 87 33 24 89 29 17 27 70 46 91 40 98 25 7 42 4 28 85 83 80 62 75 2 12 93 6 45 37 58 72 95 76 55 53 13 64 11 52 47 71 15 32 94 65" score=5046.959717810391>
Generation no:27001
Best individual: <Individual chromosome="96 35 39 86 73 36 16 61 22 18 67 88 34 21 10 56 0 68 5 92 44 77 66 99 50 9 30 19 31 20 79 74 49 90 97 3 51 48 84 54 78 26 41 1 63 23 38 43 8 14 69 60 82 59 57 7 81 87 33 24 89 29 17 27 70 46 91 40 98 25 42 4 28 85 83 80 62 75 2 12 93 6 45 37 58 72 95 76 55 53 13 64 11 52 47 71 15 32 94 65" score=4946.846382116323>
Generation no:27201
Best individual: <Individual chromosome="96 35 39 86 73 36 16 61 22 18 67 88 34 21 10 56 0 68 5 92 44 77 66 99 50 9 30 19 31 20 79 74 49 90 97 3 51 48 84 54 78 26 41 1 63 23 38 43 8 14 69 60 82 59 57 7 81 87 33 24 89 29 17 27 70 46 91 40 98 25 42 4 28 85 83 80 62 75 2 12 93 6 45 37 58 72 95 76 55 53 13 64 11 52 47 71 15 32 94 65" score=4946.846382116323>
Generation no:27401
Best individual: <Individual chromosome="96 35 39 86 73 36 16 61 22 18 67 88 34 21 10 56 0 68 5 92 44 77 66 99 50 9 30 19 31 20 79 74 49 90 97 3 51 48 84 54 78 26 41 1 63 23 38 43 8 14 69 60 82 59 57 7 81 87 33 24 89 29 17 27 70 46 91 40 98 25 42 4 28 85 83 80 62 75 2 12 93 6 45 37 58 72 95 76 55 53 13 64 11 52 47 71 15 32 94 65" score=4946.846382116323>
Generation no:27601
Best individual: <Individual chromosome="96 35 39 86 73 36 16 61 22 18 67 88 34 21 10 56 0 68 5 92 44 77 66 99 50 9 30 19 31 20 79 74 49 90 97 3 51 48 84 54 78 26 41 1 63 23 38 43 8 14 69 60 82 59 57 7 81 87 33 24 89 29 17 27 70 46 91 40 98 25 42 4 28 85 83 80 62 75 2 12 93 6 45 37 58 72 95 76 55 53 13 64 11 52 47 71 15 32 94 65" score=4946.846382116323>
Generation no:27801
Best individual: <Individual chromosome="96 35 39 86 73 36 16 61 22 18 67 88 34 21 10 56 0 68 5 92 44 77 66 99 50 9 30 19 31 20 79 74 49 90 97 3 51 48 84 54 78 26 41 1 63 23 38 43 8 14 69 60 82 59 57 7 81 87 33 24 89 29 17 27 70 46 91 40 98 25 42 4 28 85 83 80 62 75 2 12 93 6 45 37 58 72 95 76 55 53 13 64 11 52 47 71 15 32 94 65" score=4946.846382116323>
Generation no:28001
Best individual: <Individual chromosome="96 35 39 86 73 36 16 61 22 18 67 88 34 21 10 56 0 68 5 92 44 77 66 99 50 9 30 19 31 20 79 74 49 90 97 3 51 48 84 54 78 26 41 1 63 23 38 43 8 14 69 60 82 59 57 7 81 87 33 24 89 29 17 27 70 46 91 40 98 25 42 4 28 85 83 80 62 75 2 12 93 6 45 37 58 72 95 76 55 53 13 64 11 52 47 71 15 32 94 65" score=4946.846382116323>
Generation no:28201
Best individual: <Individual chromosome="96 35 39 86 73 36 16 61 22 18 67 88 34 21 10 56 0 68 5 92 44 77 66 99 50 9 30 19 31 20 79 74 49 90 97 3 51 48 84 54 78 26 41 1 63 23 38 43 8 14 69 60 82 59 57 7 81 87 33 24 89 29 17 27 70 46 91 40 98 25 42 4 28 85 83 80 62 75 2 12 93 6 45 37 58 72 95 76 55 53 13 64 11 52 47 71 15 32 94 65" score=4946.846382116323>
Generation no:28401
Best individual: <Individual chromosome="96 35 39 86 73 36 16 61 22 18 67 88 34 21 10 56 0 68 5 92 44 77 66 99 50 9 30 19 31 20 79 74 49 90 97 3 51 48 84 54 78 26 41 1 63 23 38 43 8 14 69 60 82 59 57 7 81 87 33 24 89 29 17 27 70 46 91 40 98 25 42 4 28 85 83 80 62 75 2 12 93 6 45 37 58 72 95 76 55 53 13 64 11 52 47 71 15 32 94 65" score=4946.846382116323>
Generation no:28601
Best individual: <Individual chromosome="96 35 39 86 73 36 16 61 22 18 67 88 34 21 10 56 0 68 5 92 44 77 66 99 50 9 30 19 31 20 79 74 49 90 97 3 51 48 84 54 78 26 41 1 63 23 38 43 8 14 69 60 82 59 57 7 81 87 33 24 89 29 17 27 70 46 91 40 98 25 42 4 28 85 83 80 62 75 2 12 93 6 45 37 58 72 95 76 55 53 13 64 11 52 47 71 15 32 94 65" score=4946.846382116323>
Generation no:28801
Best individual: <Individual chromosome="96 35 39 86 73 36 16 61 22 18 67 88 34 21 10 56 0 68 5 92 44 77 66 99 50 9 30 19 31 20 79 74 49 90 97 3 51 48 84 54 78 26 41 1 63 23 38 43 8 14 69 60 82 59 57 7 81 87 33 24 89 29 17 27 70 46 91 40 98 25 42 4 28 85 83 80 62 75 2 12 93 6 45 37 58 72 95 76 55 53 13 64 11 52 47 71 15 32 94 65" score=4946.846382116323>
Generation no:29001
Best individual: <Individual chromosome="96 35 39 86 73 36 16 61 22 18 67 88 34 21 10 56 0 68 5 92 44 77 66 99 50 9 30 19 31 20 79 74 49 90 97 3 51 48 84 54 78 26 41 1 63 23 38 43 8 14 69 60 82 59 57 7 81 87 33 24 89 29 17 27 70 46 91 40 98 25 42 4 28 85 83 80 62 75 2 12 93 6 45 37 58 72 95 76 55 53 13 64 11 52 47 71 15 32 94 65" score=4946.846382116323>
Generation no:29201
Best individual: <Individual chromosome="96 35 39 86 73 36 16 61 22 18 67 88 34 21 10 56 0 68 5 92 44 77 66 99 50 9 30 19 31 20 79 74 49 90 97 3 51 48 84 54 78 26 41 1 63 23 38 43 8 14 69 60 82 59 57 7 81 87 33 24 89 29 17 27 70 46 91 40 98 25 42 4 28 85 83 80 62 75 2 12 93 6 45 37 58 72 95 76 55 53 13 64 11 52 47 71 15 32 94 65" score=4946.846382116323>
Generation no:29401
Best individual: <Individual chromosome="96 35 39 86 73 36 16 61 22 18 67 88 34 21 10 56 0 68 5 92 44 77 66 99 50 9 30 19 31 20 79 74 49 90 97 3 51 48 84 54 78 26 41 1 63 23 38 43 8 14 69 60 82 59 57 7 81 87 33 24 89 29 17 27 70 46 91 40 98 25 42 4 28 85 83 80 62 75 2 12 93 6 45 37 58 72 95 76 55 53 13 64 11 52 47 71 15 32 94 65" score=4946.846382116323>
Generation no:29601
Best individual: <Individual chromosome="96 35 39 86 73 36 16 61 22 18 67 88 34 21 10 56 0 68 5 92 44 77 66 99 50 9 30 19 31 20 79 74 49 90 97 3 51 48 84 54 78 26 41 1 63 23 38 43 8 14 69 60 82 59 57 7 81 87 33 24 89 29 17 27 70 46 91 40 98 25 42 4 28 85 83 80 62 75 2 12 93 6 45 37 58 72 95 76 55 53 13 64 11 52 47 71 15 32 94 65" score=4946.846382116323>
Generation no:29801
Best individual: <Individual chromosome="96 35 39 86 73 36 16 61 22 18 67 88 34 21 10 56 0 68 5 92 44 77 66 99 50 9 30 19 31 20 79 74 49 90 97 3 51 48 84 54 78 26 41 1 63 23 38 43 8 14 69 60 82 59 57 7 81 87 33 24 89 29 17 27 70 46 91 40 98 25 42 4 28 85 83 80 62 75 2 12 93 6 45 37 58 72 95 76 55 53 13 64 11 52 47 71 15 32 94 65" score=4946.846382116323>
Generation no:30001
Best individual: <Individual chromosome="96 35 39 86 73 36 16 61 22 18 67 88 34 21 10 56 0 68 5 92 44 77 66 99 50 9 30 19 31 20 79 74 49 90 97 3 51 48 84 54 78 26 41 1 63 23 38 43 8 14 69 60 82 59 57 7 81 87 33 24 89 29 17 27 70 46 91 40 98 25 42 4 28 85 83 80 62 75 2 12 93 6 45 37 58 72 95 76 55 53 13 64 11 52 47 71 15 32 94 65" score=4946.846382116323>
Generation no:30201
Best individual: <Individual chromosome="96 35 39 86 73 36 16 61 22 18 67 88 34 21 10 56 0 68 5 92 44 77 66 99 50 9 30 19 31 20 79 74 49 90 97 3 51 48 84 54 78 26 41 1 63 23 38 43 8 14 69 60 82 59 57 7 81 87 33 24 89 29 17 27 70 46 91 40 98 25 42 4 28 85 83 80 62 75 2 12 93 6 45 37 58 72 95 76 55 32 94 15 71 53 13 64 11 52 47 65" score=4883.929834834573>
Generation no:30401
Best individual: <Individual chromosome="96 35 39 86 73 36 16 61 22 18 67 88 34 21 10 56 0 68 5 92 44 77 66 99 50 9 30 19 31 20 79 74 49 90 97 3 51 48 84 54 78 26 41 1 63 23 38 43 8 14 69 60 82 59 57 7 81 87 33 24 89 29 17 27 70 46 91 40 98 25 42 4 28 85 83 80 62 75 2 12 93 6 45 37 58 72 95 76 55 32 94 15 71 53 13 64 11 52 47 65" score=4883.929834834573>
Generation no:30601
Best individual: <Individual chromosome="96 35 39 86 73 36 16 61 22 18 67 88 34 21 10 56 0 68 5 92 44 77 66 99 50 9 30 19 31 20 79 74 49 90 97 3 51 48 84 54 78 26 41 1 63 23 38 43 8 14 69 60 82 59 57 7 81 87 33 24 89 29 17 27 70 46 91 40 98 25 42 4 28 85 83 80 62 75 2 12 93 6 45 37 58 72 95 76 55 94 32 15 71 53 13 64 11 52 47 65" score=4871.553948740949>
Generation no:30801
Best individual: <Individual chromosome="96 35 39 86 73 36 16 61 22 18 67 88 34 21 10 56 0 68 5 92 44 77 66 99 50 9 30 19 31 20 79 74 49 90 97 3 51 48 84 54 78 26 41 1 63 23 38 43 8 14 69 60 82 59 57 7 81 87 33 24 89 29 17 27 70 46 91 40 98 25 42 4 28 85 83 80 62 75 2 12 93 6 45 37 58 72 95 76 55 94 32 15 71 53 13 64 11 52 47 65" score=4871.553948740949>
Generation no:31001
Best individual: <Individual chromosome="96 35 39 86 73 36 16 61 22 18 67 88 34 21 10 56 0 68 5 92 44 77 66 99 50 9 30 19 31 20 79 74 49 90 97 3 51 48 84 54 78 26 41 1 63 23 38 43 8 14 69 60 82 59 57 7 81 87 33 24 89 29 17 27 70 46 91 40 98 25 42 4 28 85 83 80 62 75 2 12 93 6 45 37 58 72 95 76 55 94 32 15 71 53 13 64 11 52 47 65" score=4871.553948740949>
Generation no:31201
Best individual: <Individual chromosome="96 35 39 86 73 36 16 61 22 18 67 88 34 21 10 56 0 68 5 92 44 77 66 99 50 9 30 19 31 20 79 74 49 90 97 3 51 48 84 54 78 26 41 1 63 23 38 43 8 14 69 60 82 59 57 7 81 87 33 24 89 29 17 27 70 46 91 40 98 25 42 4 28 85 83 80 62 75 2 12 93 6 45 37 58 72 95 76 55 94 32 15 71 53 13 64 11 52 47 65" score=4871.553948740949>
Generation no:31401
Best individual: <Individual chromosome="96 35 39 86 73 36 16 61 22 18 67 88 34 21 10 56 0 68 5 92 44 77 66 99 50 9 30 19 31 20 79 74 49 90 97 3 51 48 84 54 78 26 41 1 63 23 38 43 8 14 69 60 82 59 57 7 81 87 33 24 89 29 17 27 70 46 91 40 98 25 42 4 28 85 83 80 62 75 2 12 93 6 45 37 58 72 95 76 55 94 32 15 71 53 13 64 11 52 47 65" score=4871.553948740949>
Generation no:31601
Best individual: <Individual chromosome="96 35 39 86 73 36 16 61 22 18 67 88 34 21 10 56 0 68 5 92 44 77 66 99 50 9 30 19 31 20 79 74 49 90 97 3 51 48 84 54 78 26 41 1 63 23 38 43 8 14 69 60 82 59 57 7 81 87 33 24 89 29 17 27 70 46 91 40 98 25 42 4 28 85 83 80 62 75 2 12 93 6 45 37 58 72 95 76 55 94 32 15 71 53 13 64 11 52 47 65" score=4871.553948740949>
Generation no:31801
Best individual: <Individual chromosome="96 35 39 86 73 36 16 61 22 18 67 88 34 21 10 56 0 68 5 92 44 77 66 99 50 9 30 19 31 20 79 74 49 90 97 3 51 48 84 54 78 26 41 1 63 23 38 43 8 14 69 60 82 59 57 7 81 87 33 24 89 29 17 27 70 46 91 40 98 25 42 4 28 85 83 80 62 75 2 12 93 6 45 37 58 72 95 76 55 94 32 15 71 53 13 64 11 52 47 65" score=4871.553948740949>
Generation no:32001
Best individual: <Individual chromosome="96 35 39 86 73 36 16 61 22 18 67 88 34 21 10 56 0 68 5 92 44 77 66 99 50 9 30 19 31 20 79 74 49 90 97 3 51 48 84 54 78 26 41 1 63 23 38 43 8 14 69 60 82 59 57 7 81 87 33 24 89 29 17 27 70 46 91 40 98 25 42 4 28 85 83 80 62 75 2 12 93 6 45 37 58 72 95 76 55 94 32 15 71 53 13 64 11 52 47 65" score=4871.553948740949>
Generation no:32201
Best individual: <Individual chromosome="96 35 39 86 73 36 16 61 22 18 67 88 34 21 10 56 0 68 5 92 44 77 66 99 50 9 30 19 31 20 79 74 49 90 97 3 51 48 84 54 78 26 41 1 63 23 38 43 8 14 69 60 82 59 57 7 81 87 33 24 89 29 17 27 70 46 91 40 98 25 42 4 28 85 83 80 62 75 2 12 93 6 45 37 58 72 95 76 55 94 32 15 71 53 13 64 11 52 47 65" score=4871.553948740949>
Generation no:32401
Best individual: <Individual chromosome="96 35 39 86 73 36 16 61 22 18 67 88 34 21 10 56 0 68 5 92 44 77 66 99 50 9 30 19 31 20 79 74 49 90 97 3 51 48 84 54 78 26 41 1 63 23 38 43 8 14 69 60 82 59 57 7 81 87 33 24 89 29 17 27 70 46 91 40 98 25 42 4 28 85 83 80 62 75 2 12 93 6 45 37 58 72 95 76 55 94 32 15 71 53 13 64 11 52 47 65" score=4871.553948740949>
Generation no:32601
Best individual: <Individual chromosome="96 35 39 86 10 36 16 61 22 18 67 88 34 21 73 56 0 68 5 92 44 77 66 99 50 9 30 19 31 20 79 74 49 90 97 3 51 48 84 54 78 26 41 1 63 23 38 43 8 14 69 60 82 59 57 7 81 87 33 24 89 29 17 27 70 46 91 40 98 25 42 4 28 85 83 80 62 75 2 12 93 6 45 37 58 72 95 76 55 94 32 15 71 53 13 64 11 52 47 65" score=4869.887832096341>
Generation no:32801
Best individual: <Individual chromosome="96 35 39 86 10 36 16 61 22 18 67 88 34 21 73 56 0 68 5 92 44 77 66 99 50 9 30 19 31 20 79 74 49 90 97 3 51 48 84 54 78 26 41 1 63 23 38 43 8 14 69 60 82 59 57 7 81 87 33 24 89 29 17 27 70 46 91 40 98 25 42 4 28 85 83 80 62 75 2 12 93 6 45 37 58 72 95 76 55 94 32 15 71 53 13 64 11 52 47 65" score=4869.887832096341>
Generation no:33001
Best individual: <Individual chromosome="96 35 39 86 10 36 16 61 22 18 67 88 34 21 73 56 0 68 5 92 44 77 66 99 50 9 30 19 31 20 79 74 49 90 97 3 51 48 84 54 78 26 41 1 63 23 38 43 8 14 69 60 82 59 57 7 81 87 33 24 89 29 17 27 70 46 91 40 98 25 42 4 28 85 83 80 62 75 2 12 93 6 45 37 58 72 95 76 55 94 32 15 71 53 13 64 11 52 47 65" score=4869.887832096341>
Generation no:33201
Best individual: <Individual chromosome="96 35 39 86 10 36 16 61 22 18 67 88 34 21 73 56 0 68 5 92 44 77 66 99 50 9 30 19 31 20 79 74 49 90 97 3 51 48 84 54 78 26 41 1 63 23 38 43 8 14 69 60 82 59 57 7 81 87 33 24 89 29 17 27 70 46 91 40 98 25 42 4 28 85 83 80 62 75 2 12 93 6 45 37 58 72 95 76 55 94 32 15 71 53 13 64 11 52 47 65" score=4869.887832096341>
Generation no:33401
Best individual: <Individual chromosome="96 35 39 86 10 36 16 61 22 18 67 88 34 21 73 56 0 68 5 92 44 77 66 99 50 9 30 19 31 20 79 74 49 90 97 3 51 48 84 54 78 26 41 1 63 23 38 43 8 14 69 60 82 59 57 7 81 87 33 24 89 29 17 27 70 46 91 40 98 25 42 4 28 85 83 80 62 75 2 12 93 6 45 37 58 72 95 76 55 94 32 15 71 53 13 64 11 52 47 65" score=4869.887832096341>
Generation no:33601
Best individual: <Individual chromosome="96 35 39 86 10 36 16 61 22 18 67 88 34 21 73 56 0 68 5 92 44 77 66 99 50 9 30 19 31 20 79 74 49 90 97 3 51 48 84 54 78 26 41 1 63 23 38 43 8 14 69 60 82 59 57 7 81 87 33 24 89 29 17 27 70 46 91 40 98 25 42 4 28 85 83 80 62 75 2 12 93 6 45 37 58 72 95 76 55 94 32 15 71 53 13 64 11 52 47 65" score=4869.887832096341>
Generation no:33801
Best individual: <Individual chromosome="96 35 39 86 10 36 16 61 22 18 67 88 34 21 73 56 0 68 5 92 44 77 66 99 50 9 30 19 31 20 79 74 49 90 97 3 51 48 84 54 78 26 41 1 63 23 38 43 8 14 69 60 82 59 57 7 81 87 33 24 89 29 17 27 70 46 91 40 98 25 42 4 28 85 83 80 62 75 2 12 93 6 45 37 58 72 95 76 55 94 32 15 71 53 13 64 11 52 47 65" score=4869.887832096341>
Generation no:34001
Best individual: <Individual chromosome="96 35 39 86 10 36 16 61 22 18 67 88 34 21 73 56 0 68 5 92 44 77 66 99 50 9 30 19 31 20 79 74 49 90 97 3 51 48 84 54 78 26 41 1 63 23 38 43 8 14 69 60 82 59 57 7 81 87 33 24 89 29 17 27 70 46 91 40 98 25 42 4 28 85 83 80 62 75 2 12 93 6 45 37 58 72 95 76 55 94 32 15 71 53 13 64 11 52 47 65" score=4869.887832096341>
Generation no:34201
Best individual: <Individual chromosome="96 35 39 86 10 36 16 61 22 18 67 88 34 21 73 56 0 68 5 92 44 77 66 99 50 9 30 19 31 20 79 74 49 90 97 3 51 48 84 54 78 26 41 1 63 23 38 43 8 14 69 60 82 59 57 7 81 87 33 24 89 29 17 27 70 46 91 40 98 25 42 4 28 85 83 80 62 75 2 12 93 6 45 37 58 72 95 76 55 94 32 15 71 53 13 64 11 52 47 65" score=4869.887832096341>
Generation no:34401
Best individual: <Individual chromosome="96 35 39 10 36 16 61 22 18 67 88 34 21 73 86 56 0 68 5 92 44 77 66 99 50 9 30 19 31 20 79 74 49 90 97 3 51 48 84 54 78 26 41 1 63 23 38 43 8 14 69 60 82 59 57 7 81 87 33 24 89 29 17 27 70 46 91 40 98 25 42 4 28 85 83 80 62 75 2 12 93 6 45 37 58 72 95 76 55 94 32 15 71 53 13 64 11 52 47 65" score=4869.130896809541>
Generation no:34601
Best individual: <Individual chromosome="96 35 39 10 36 16 61 22 18 67 88 34 21 73 86 56 0 68 5 92 44 77 66 99 50 9 30 19 31 20 79 74 49 90 97 3 51 48 84 54 78 26 41 1 63 23 38 43 8 14 69 60 82 59 57 7 81 87 33 24 89 29 17 27 70 46 91 40 98 25 42 4 28 85 83 80 62 75 2 12 93 6 45 37 58 72 95 76 55 94 32 15 71 53 13 64 11 52 47 65" score=4869.130896809541>
Generation no:34801
Best individual: <Individual chromosome="96 35 39 10 36 16 61 22 18 67 88 34 21 73 86 56 0 68 5 92 44 77 66 99 50 9 30 19 31 20 79 74 49 90 97 3 51 48 84 54 78 26 41 1 63 23 38 43 8 14 69 60 82 59 57 7 81 87 33 24 89 29 17 27 70 46 91 40 98 25 42 4 28 85 83 80 62 75 2 12 93 6 45 37 58 72 95 76 55 94 32 15 71 53 13 64 11 52 47 65" score=4869.130896809541>
Generation no:35001
Best individual: <Individual chromosome="96 35 39 10 36 16 61 22 18 67 88 34 21 73 86 56 0 68 5 92 44 77 66 99 50 9 30 19 31 20 79 74 49 90 97 3 51 48 84 54 78 26 41 1 63 23 38 43 8 14 69 60 82 59 57 7 81 87 33 24 89 29 17 27 70 46 91 40 98 25 42 4 28 85 83 80 62 75 2 12 93 6 45 37 58 72 95 76 55 94 32 15 71 53 13 64 11 52 47 65" score=4869.130896809541>
Generation no:35201
Best individual: <Individual chromosome="96 35 39 10 36 16 61 22 18 67 88 34 21 73 86 56 0 68 5 92 44 77 66 99 50 9 30 19 31 20 79 74 49 90 97 3 51 48 84 54 78 26 41 1 63 23 38 43 8 14 69 60 82 59 57 7 81 87 33 24 89 29 17 27 70 46 91 40 98 25 42 4 28 85 83 80 62 75 2 12 93 6 45 37 58 72 95 76 55 94 32 15 71 53 13 64 11 52 47 65" score=4869.130896809541>
Generation no:35401
Best individual: <Individual chromosome="96 35 39 10 36 16 61 22 18 67 88 34 21 73 86 56 0 68 5 92 44 77 66 99 50 9 30 19 31 20 79 74 49 90 97 3 51 48 84 54 78 26 41 1 63 23 38 43 8 14 69 60 82 59 57 7 81 87 33 24 89 29 17 27 70 46 91 40 98 25 42 4 28 85 83 80 62 75 2 12 93 6 45 37 58 72 95 76 55 94 32 15 71 53 13 64 11 52 47 65" score=4869.130896809541>
Generation no:35601
Best individual: <Individual chromosome="96 35 39 10 36 16 61 22 18 67 88 34 21 73 86 56 0 68 5 92 44 77 66 99 50 9 30 19 31 20 79 74 49 90 97 3 51 48 84 54 78 26 41 1 63 23 38 43 8 14 69 60 82 59 57 7 81 87 33 24 89 29 17 27 70 46 91 40 98 25 42 4 28 85 83 80 62 75 2 12 93 6 45 37 58 72 95 76 55 94 32 15 71 53 13 64 11 52 47 65" score=4869.130896809541>
Generation no:35801
Best individual: <Individual chromosome="96 35 39 10 36 16 61 22 18 67 88 34 21 73 86 56 0 68 5 92 44 77 66 99 50 9 30 19 31 20 79 74 49 90 97 3 51 48 84 54 78 26 41 1 63 23 38 43 8 14 69 60 82 59 57 7 81 87 33 24 89 29 17 27 70 46 91 40 98 25 42 4 28 85 83 80 62 75 2 12 93 6 45 37 58 72 95 76 55 94 32 15 71 53 13 64 11 52 47 65" score=4869.130896809541>
Generation no:36001
Best individual: <Individual chromosome="96 35 39 10 36 16 61 22 18 67 88 34 21 73 86 56 0 68 5 92 44 77 66 99 50 9 30 19 31 20 79 74 49 90 97 3 51 48 84 54 78 26 41 1 63 23 38 43 8 14 69 60 82 59 57 7 81 87 33 24 89 29 17 27 70 46 91 40 98 25 42 4 28 85 83 80 62 75 2 12 93 6 45 37 58 72 95 76 55 94 32 15 71 53 13 64 11 52 47 65" score=4869.130896809541>
Generation no:36201
Best individual: <Individual chromosome="96 35 39 10 36 16 61 22 18 67 88 34 21 73 86 56 0 68 5 92 44 77 66 99 50 9 30 19 31 20 79 74 49 90 97 3 51 48 84 54 78 26 41 1 63 23 38 43 8 14 69 60 82 59 57 7 81 87 33 24 89 29 17 27 70 46 91 40 98 25 42 4 28 85 83 80 62 75 2 12 93 6 45 37 58 72 95 76 55 94 32 15 71 53 13 64 11 52 47 65" score=4869.130896809541>
Generation no:36401
Best individual: <Individual chromosome="96 35 39 10 36 16 61 22 18 67 88 34 21 73 86 56 0 68 5 92 44 77 66 99 50 9 30 19 31 20 79 74 49 90 97 3 51 48 84 54 78 26 41 1 63 23 38 43 8 14 69 60 82 59 57 7 81 87 33 24 89 29 17 27 70 46 91 40 98 25 42 4 28 85 83 80 62 75 2 12 93 6 45 37 58 72 95 76 55 94 32 15 71 53 13 64 11 52 47 65" score=4869.130896809541>
Generation no:36601
Best individual: <Individual chromosome="96 35 39 10 36 16 61 22 18 67 88 34 21 73 86 56 0 68 5 92 44 77 66 99 50 9 30 19 31 20 79 74 49 90 97 3 51 48 84 54 78 26 41 1 63 23 38 43 8 14 69 60 82 59 57 7 81 87 33 24 89 29 17 27 70 46 91 40 98 25 42 4 28 85 83 80 62 75 2 12 93 6 45 37 58 72 95 76 55 94 32 15 71 53 13 64 11 52 47 65" score=4869.130896809541>
Generation no:36801
Best individual: <Individual chromosome="96 35 39 10 36 16 61 22 18 67 88 34 21 73 86 56 0 68 5 92 44 77 66 99 50 9 30 19 31 20 79 74 49 90 97 3 51 48 84 54 78 26 41 1 63 23 38 43 8 14 69 60 82 59 57 7 81 87 33 24 89 29 17 27 70 46 91 40 98 25 42 4 28 85 83 80 62 75 2 12 93 6 45 37 58 72 95 76 55 94 32 15 71 53 13 64 11 52 47 65" score=4869.130896809541>
Generation no:37001
Best individual: <Individual chromosome="96 35 39 10 36 16 61 22 18 67 88 34 21 73 86 56 0 68 5 92 44 77 66 99 50 9 30 19 31 20 79 74 49 90 97 3 51 48 84 54 78 26 41 1 63 23 38 43 8 14 69 60 82 59 57 7 81 87 33 24 89 29 17 27 70 46 91 40 98 25 42 4 28 85 83 80 62 75 2 12 93 6 45 37 58 72 95 76 55 94 32 15 71 53 13 64 11 52 47 65" score=4869.130896809541>
Generation no:37201
Best individual: <Individual chromosome="96 35 56 10 36 16 61 22 18 67 88 34 21 73 86 39 0 68 5 92 44 77 66 99 50 9 30 19 31 20 79 74 49 90 97 3 51 48 84 54 78 26 41 1 63 23 38 43 8 14 69 60 82 59 57 7 81 87 33 24 89 29 17 27 70 46 91 40 98 25 42 4 28 85 83 80 62 75 2 12 93 6 45 37 58 72 95 76 55 94 32 15 71 53 13 64 11 52 47 65" score=4857.054333638548>
Generation no:37401
Best individual: <Individual chromosome="96 10 36 16 61 22 18 67 88 34 21 86 73 35 39 56 0 68 5 92 44 77 69 99 50 9 30 19 31 20 79 74 49 90 97 3 51 48 84 54 78 26 41 1 63 23 38 43 8 14 66 60 82 59 57 7 81 87 33 24 89 29 17 27 70 46 91 40 98 25 42 4 28 85 83 80 62 75 2 12 93 6 45 58 37 72 95 76 55 94 32 15 71 53 13 64 11 52 47 65" score=4833.122039128047>
Generation no:37601
Best individual: <Individual chromosome="96 10 36 16 61 22 18 67 88 34 21 86 73 56 35 39 0 68 5 92 44 77 69 99 50 9 30 19 31 20 79 74 49 90 97 3 51 48 84 54 78 26 41 63 1 23 38 43 8 14 66 60 82 59 57 7 81 87 33 24 89 29 17 27 70 46 91 40 98 25 42 4 28 85 83 80 62 75 2 12 93 6 45 37 58 72 95 76 55 94 32 15 71 53 13 64 11 52 47 65" score=4723.137841181878>
Generation no:37801
Best individual: <Individual chromosome="96 10 36 16 61 22 18 67 88 34 21 73 86 56 35 39 0 68 5 92 44 77 69 99 50 9 30 19 31 20 79 74 49 90 97 3 51 48 84 54 78 26 41 1 63 23 38 43 8 14 66 60 82 59 57 7 81 87 33 24 89 29 17 27 70 46 91 40 98 25 42 4 28 85 83 80 62 75 2 12 93 6 45 37 58 72 95 76 55 94 32 15 71 53 13 64 11 52 47 65" score=4692.67788889855>
Generation no:38001
Best individual: <Individual chromosome="96 10 36 16 61 22 18 67 88 34 21 73 86 56 35 39 0 68 5 92 44 77 69 99 50 9 30 19 31 20 79 74 49 90 97 3 51 48 84 54 78 26 41 1 63 23 38 43 8 14 66 60 82 59 57 7 81 87 33 24 89 29 17 27 70 46 91 40 98 25 42 4 28 85 83 80 62 75 2 12 93 6 45 37 58 72 95 76 55 94 32 15 71 53 13 64 11 52 47 65" score=4692.67788889855>
Generation no:38201
Best individual: <Individual chromosome="96 10 36 16 61 22 18 67 88 34 21 56 73 86 35 39 0 68 5 92 44 77 66 99 50 9 30 19 31 20 79 74 49 90 97 3 51 48 84 54 78 26 41 1 63 23 38 43 8 14 69 60 82 59 57 7 81 87 33 24 89 29 17 27 70 46 91 40 98 25 42 4 28 85 83 80 62 75 2 12 93 6 45 37 58 72 95 76 55 94 32 15 71 53 13 64 11 52 47 65" score=4607.744018856741>
Generation no:38401
Best individual: <Individual chromosome="96 10 36 16 61 22 18 67 88 34 21 56 73 86 35 39 0 68 5 92 44 77 66 99 50 9 30 19 31 20 79 74 49 90 97 3 51 48 84 54 78 26 41 1 63 23 38 43 8 14 69 60 82 59 57 7 81 87 33 24 89 29 17 27 70 46 91 40 98 25 42 4 28 85 83 80 62 75 2 12 93 6 45 37 58 72 95 76 55 94 32 15 71 53 13 64 11 52 47 65" score=4607.744018856741>
Generation no:38601
Best individual: <Individual chromosome="96 10 36 16 61 22 18 67 88 34 21 56 73 86 39 35 0 68 5 92 44 77 66 99 50 9 30 19 31 20 79 74 49 90 97 3 51 48 84 54 78 26 41 1 63 23 38 43 8 14 69 60 82 59 57 7 81 87 33 24 89 29 17 27 70 46 91 40 98 25 42 4 28 85 83 80 62 75 2 12 93 6 45 37 58 72 95 76 55 94 32 15 71 53 13 64 11 52 47 65" score=4583.988040230973>
Generation no:38801
Best individual: <Individual chromosome="96 10 36 16 61 22 18 67 88 34 21 56 73 86 39 35 0 68 5 92 44 77 66 99 50 9 30 19 31 20 79 74 49 90 97 3 51 48 84 54 78 26 41 1 63 23 38 43 8 14 69 60 82 59 57 7 81 87 33 24 89 29 17 27 70 46 91 40 98 25 42 4 28 85 83 80 62 75 2 12 93 6 45 37 58 72 95 76 55 94 32 15 71 53 13 64 11 52 47 65" score=4583.988040230973>
Generation no:39001
Best individual: <Individual chromosome="96 10 36 16 61 22 18 67 88 34 21 56 73 86 39 35 0 68 5 92 44 77 66 99 50 9 30 19 31 20 79 74 49 90 97 3 51 48 84 54 78 26 41 1 63 23 38 43 8 14 69 60 82 59 57 7 81 87 33 24 89 29 17 27 70 46 91 40 98 25 42 4 28 85 83 80 62 75 2 12 93 6 45 37 58 72 95 76 55 94 32 15 71 53 13 64 11 52 47 65" score=4583.988040230973>
Generation no:39201
Best individual: <Individual chromosome="96 10 36 16 61 22 18 67 88 34 21 56 73 86 39 35 0 68 5 92 44 77 66 99 50 9 30 19 31 20 79 74 49 90 97 3 51 48 84 54 78 26 41 1 63 23 38 43 8 14 69 60 82 59 57 7 81 87 33 24 89 29 17 27 70 46 91 40 98 25 42 4 28 85 83 80 62 75 2 12 93 6 45 37 58 72 95 76 55 94 32 15 71 53 13 64 11 52 47 65" score=4583.988040230973>
Generation no:39401
Best individual: <Individual chromosome="96 10 36 16 61 22 18 67 88 34 21 56 73 86 39 35 0 68 5 92 44 77 66 99 50 9 30 19 31 20 79 74 49 90 97 3 51 48 84 54 78 26 41 1 63 23 38 43 8 14 69 60 82 59 57 7 81 87 33 24 89 29 17 27 70 46 91 40 98 25 42 4 28 85 83 80 62 75 2 12 93 6 45 37 58 72 95 76 55 94 32 15 71 53 13 64 11 52 47 65" score=4583.988040230973>
Generation no:39601
Best individual: <Individual chromosome="96 10 36 16 61 22 18 67 88 34 21 56 73 86 39 35 0 68 5 92 44 77 66 99 50 9 30 19 31 20 79 74 49 90 97 3 51 48 84 54 78 26 41 1 63 23 38 43 8 14 69 60 82 59 57 7 81 87 33 24 89 29 17 27 70 46 91 40 98 25 42 4 28 85 83 80 62 75 2 12 93 6 45 37 58 72 95 76 55 94 32 15 71 53 13 64 11 52 47 65" score=4583.988040230973>
Generation no:39801
Best individual: <Individual chromosome="96 10 36 16 61 22 18 67 88 34 21 56 73 86 39 35 0 68 5 92 44 77 66 99 50 9 30 19 31 20 79 74 49 90 97 3 51 48 84 54 78 26 41 1 63 23 38 43 8 14 69 60 82 59 57 7 81 87 33 24 89 29 17 27 70 46 91 40 98 25 42 4 28 85 83 80 62 75 2 12 93 6 45 37 58 72 95 76 55 94 32 15 71 53 13 64 11 52 47 65" score=4583.988040230973>
Generation no:40001
Best individual: <Individual chromosome="96 10 36 16 61 22 18 67 88 34 21 56 73 86 39 35 0 68 5 92 44 77 66 99 50 9 30 19 31 20 79 74 49 90 97 3 51 48 84 54 78 26 41 1 63 23 38 43 8 14 69 60 82 59 57 7 81 87 33 24 89 29 17 27 70 46 91 40 98 25 42 4 28 85 83 80 62 75 2 12 93 6 45 37 58 72 95 76 55 94 32 15 71 53 13 64 11 52 47 65" score=4583.988040230973>
Generation no:40201
Best individual: <Individual chromosome="96 10 36 16 61 22 18 67 88 34 21 56 73 86 39 35 0 68 5 92 44 77 66 99 50 9 30 19 31 20 79 74 49 90 97 3 51 48 84 54 78 26 41 1 63 23 38 43 8 14 69 60 82 59 57 7 81 87 33 24 89 29 17 27 70 46 91 40 98 25 42 4 28 85 83 80 62 75 2 12 93 6 45 37 58 72 95 76 55 94 32 15 71 53 13 64 11 52 47 65" score=4583.988040230973>
Generation no:40401
Best individual: <Individual chromosome="96 10 36 16 61 22 18 67 88 34 21 56 73 86 39 35 0 68 5 92 44 77 66 99 50 9 30 19 31 20 79 74 49 90 97 3 51 48 84 54 78 26 41 1 63 23 38 43 8 14 69 60 82 59 57 7 81 87 33 24 89 29 17 27 70 46 91 40 98 25 42 4 28 85 83 80 62 75 2 12 93 6 45 37 58 72 95 76 55 94 32 15 71 53 13 64 11 52 47 65" score=4583.988040230973>
Generation no:40601
Best individual: <Individual chromosome="96 10 36 16 61 22 18 67 88 34 21 56 73 86 39 35 0 68 5 92 44 77 66 99 50 9 30 19 31 20 79 74 49 90 97 3 51 48 84 54 78 26 41 1 63 23 38 43 8 14 69 60 82 59 57 7 81 87 33 24 89 29 17 27 70 46 91 40 98 25 42 4 28 85 83 80 62 75 2 12 93 6 45 37 58 72 95 76 55 94 32 15 71 53 13 64 11 52 47 65" score=4583.988040230973>
Generation no:40801
Best individual: <Individual chromosome="96 10 36 16 61 22 18 67 88 34 21 56 73 86 39 35 0 68 5 92 44 77 66 99 50 9 30 19 31 20 79 74 49 90 97 3 51 48 84 54 78 26 41 1 63 23 38 43 8 14 69 60 82 59 57 7 81 87 33 24 89 29 17 27 70 46 91 40 98 25 42 4 28 85 83 80 62 75 2 12 93 6 45 37 58 72 95 76 55 94 32 15 71 53 13 64 11 52 47 65" score=4583.988040230973>
Generation no:41001
Best individual: <Individual chromosome="96 10 36 16 61 22 18 67 88 34 21 56 73 86 39 35 0 68 5 92 44 77 66 99 50 9 30 19 31 20 79 74 49 90 97 3 51 48 84 54 78 26 41 1 63 23 38 43 8 14 69 60 82 59 57 7 81 87 33 24 89 29 17 27 70 46 91 40 98 25 42 4 28 85 83 80 62 75 2 12 93 6 45 37 58 72 95 76 55 94 32 15 71 53 13 64 11 52 47 65" score=4583.988040230973>
Generation no:41201
Best individual: <Individual chromosome="96 10 36 16 61 22 18 67 88 34 21 56 73 86 39 35 0 68 5 92 44 77 66 99 50 9 30 19 31 20 79 74 49 90 97 3 51 48 84 54 78 26 41 1 63 23 38 43 8 14 69 60 82 59 57 7 81 87 33 24 89 29 17 27 70 46 91 40 98 25 42 4 28 85 83 80 62 75 2 12 93 6 45 37 58 72 95 76 55 94 32 15 71 53 13 64 11 52 47 65" score=4583.988040230973>
Generation no:41401
Best individual: <Individual chromosome="96 10 36 16 61 22 18 67 88 34 21 56 73 86 39 35 0 68 5 92 44 77 66 99 50 9 30 19 31 20 79 74 49 90 97 3 51 48 84 54 78 26 41 1 63 23 38 43 8 14 69 60 82 59 57 7 81 87 33 24 89 29 17 27 70 46 91 40 98 25 2 42 4 28 85 83 80 62 75 12 93 6 45 37 58 72 95 76 55 94 32 15 71 53 13 64 11 52 47 65" score=4579.138348968193>
Generation no:41601
Best individual: <Individual chromosome="96 10 36 16 61 22 18 67 88 34 21 56 73 86 39 35 0 68 5 92 44 77 66 99 50 9 30 19 31 20 79 74 49 90 97 3 51 48 84 54 78 26 41 1 63 23 38 43 8 14 69 60 82 59 57 7 81 87 33 24 89 29 17 27 70 46 91 40 98 25 2 42 4 28 85 83 80 62 75 12 93 6 45 37 58 72 95 76 55 94 32 15 71 53 13 64 11 52 47 65" score=4579.138348968193>
Generation no:41801
Best individual: <Individual chromosome="96 10 36 16 61 22 18 67 88 34 21 56 73 86 39 35 0 68 5 92 44 77 66 99 50 9 30 19 31 20 79 74 49 90 97 3 51 48 84 54 78 26 41 1 63 23 38 43 8 14 69 60 82 59 57 7 81 87 33 24 89 29 17 27 70 46 91 40 98 25 2 42 4 28 85 83 80 62 75 12 93 6 45 37 58 72 95 76 55 94 32 15 71 53 13 64 11 52 47 65" score=4579.138348968193>
Generation no:42001
Best individual: <Individual chromosome="96 10 36 16 61 22 18 67 88 34 21 56 73 86 39 35 0 68 5 92 44 77 66 99 50 9 30 19 31 20 79 74 49 90 97 3 51 48 84 54 78 26 41 1 63 23 38 43 8 14 69 60 82 59 57 7 81 87 33 24 89 29 17 27 70 46 91 40 98 25 2 42 4 28 85 83 80 62 75 12 93 6 45 37 58 72 95 76 55 94 32 15 71 53 13 64 11 52 47 65" score=4579.138348968193>
Generation no:42201
Best individual: <Individual chromosome="96 10 36 16 61 22 18 67 88 34 21 56 73 86 39 35 0 68 5 92 44 77 66 99 50 9 30 19 31 20 79 74 49 90 97 3 51 48 84 54 78 26 41 1 63 23 38 43 8 14 69 60 82 59 57 7 81 87 33 24 89 29 17 27 70 46 91 40 98 25 2 42 4 28 85 83 80 62 75 12 93 6 45 37 58 72 95 76 55 94 32 15 71 53 13 64 11 52 47 65" score=4579.138348968193>
Generation no:42401
Best individual: <Individual chromosome="96 10 36 16 61 22 18 67 88 34 21 73 86 56 39 35 0 68 5 92 44 77 66 99 50 9 30 19 31 20 79 74 49 90 97 3 51 48 84 54 78 26 41 1 63 23 38 43 8 14 69 60 82 59 57 7 81 87 33 24 89 29 17 27 70 46 91 40 98 25 2 42 4 28 85 83 80 62 75 12 93 6 45 37 58 72 95 76 55 94 32 15 71 53 13 64 11 52 47 65" score=4541.993897124084>
Generation no:42601
Best individual: <Individual chromosome="96 10 36 16 61 22 18 67 88 34 21 73 86 56 39 35 0 68 5 92 44 77 66 99 50 9 30 19 31 20 79 74 49 90 97 3 51 48 84 54 78 26 41 1 63 23 38 43 8 14 69 60 82 59 57 7 81 87 33 24 89 29 17 27 70 46 91 40 98 25 2 42 4 28 85 83 80 62 75 12 93 6 45 37 58 72 95 76 55 94 32 15 71 53 13 64 11 52 47 65" score=4541.993897124084>
Generation no:42801
Best individual: <Individual chromosome="96 10 36 16 61 22 18 67 88 34 21 73 86 56 39 35 0 68 5 92 44 77 66 99 50 9 30 19 31 20 79 74 49 90 97 3 51 48 84 54 78 26 41 1 63 23 38 43 8 14 69 60 82 59 57 7 81 87 33 24 89 29 17 27 70 46 91 40 98 25 2 42 4 28 85 83 80 62 75 12 93 6 45 37 58 72 95 76 55 94 32 15 71 53 13 64 11 52 47 65" score=4541.993897124084>
Generation no:43001
Best individual: <Individual chromosome="96 10 36 16 61 22 18 67 88 34 21 73 86 56 39 35 0 68 5 92 44 77 66 99 50 9 30 19 31 20 79 74 49 90 97 3 51 48 84 54 78 26 41 1 63 23 38 43 8 14 69 60 82 59 57 7 81 87 33 24 89 29 17 27 70 46 91 40 98 25 2 42 4 28 85 83 80 62 75 12 93 6 45 37 58 72 95 76 55 94 32 15 71 53 13 64 11 52 47 65" score=4541.993897124084>
Generation no:43201
Best individual: <Individual chromosome="96 10 36 16 61 22 18 67 88 34 21 73 86 56 39 35 0 68 5 92 44 77 66 99 50 9 30 19 31 20 79 74 49 90 97 3 51 48 84 54 78 26 41 1 63 23 38 43 8 14 69 60 82 59 57 7 81 87 33 24 89 29 17 27 70 46 91 40 98 25 2 42 4 28 85 83 80 62 75 12 93 6 45 37 58 72 95 76 55 94 32 15 71 53 13 64 11 52 47 65" score=4541.993897124084>
Generation no:43401
Best individual: <Individual chromosome="96 10 36 16 61 22 18 67 88 34 21 73 86 56 39 35 0 68 5 92 44 77 66 99 50 9 30 19 31 20 79 74 49 90 97 3 51 48 84 54 78 26 41 1 63 23 38 43 8 14 69 60 82 59 57 7 81 87 33 24 89 29 17 27 70 46 91 40 98 25 2 42 4 28 85 83 80 62 75 12 93 6 45 37 58 72 95 76 55 94 32 15 71 53 13 64 11 52 47 65" score=4541.993897124084>
Generation no:43601
Best individual: <Individual chromosome="96 10 36 16 61 22 18 67 88 34 21 73 86 56 39 35 0 68 5 92 44 77 66 99 50 9 30 19 31 20 79 74 49 90 97 3 51 48 84 54 78 26 41 1 63 23 38 43 8 14 69 60 82 59 57 7 81 87 33 24 89 29 17 27 70 46 91 40 98 25 2 42 4 28 85 83 80 62 75 12 93 6 45 37 58 72 95 76 55 94 32 15 71 53 13 64 11 52 47 65" score=4541.993897124084>
Generation no:43801
Best individual: <Individual chromosome="96 10 36 16 61 22 18 67 88 34 21 73 86 56 39 35 0 68 5 92 44 77 66 99 50 9 30 19 31 20 79 74 49 90 97 3 51 48 84 54 78 26 41 1 63 23 38 43 8 14 69 60 82 59 57 7 81 87 33 24 89 29 17 27 70 46 91 40 98 25 2 42 4 28 85 83 80 62 75 12 93 6 45 37 58 72 95 76 55 94 32 15 71 53 13 64 11 52 47 65" score=4541.993897124084>
Generation no:44001
Best individual: <Individual chromosome="96 10 36 16 61 22 18 67 88 34 21 73 86 56 39 35 0 68 5 92 44 77 66 99 50 9 30 19 31 20 79 74 49 90 97 3 51 48 84 54 78 26 41 1 63 23 38 43 8 14 69 60 82 59 57 7 81 87 33 24 89 29 17 27 70 46 91 40 98 25 2 42 4 28 85 83 80 62 75 12 93 6 45 37 58 72 95 76 55 94 32 15 71 53 13 64 11 52 47 65" score=4541.993897124084>
Generation no:44201
Best individual: <Individual chromosome="96 10 36 16 61 22 18 67 88 34 21 73 86 56 39 35 0 68 5 92 44 77 66 99 50 9 30 19 31 20 79 74 49 90 97 3 51 48 84 54 78 26 41 1 63 23 38 43 8 14 69 60 82 59 57 7 81 87 33 24 89 29 17 27 70 46 91 40 98 25 2 42 4 28 85 83 80 62 75 12 93 6 45 37 58 72 95 76 55 94 32 15 71 53 13 64 11 52 47 65" score=4541.993897124084>
Generation no:44401
Best individual: <Individual chromosome="96 10 36 16 61 22 18 67 88 34 21 73 86 56 39 35 0 68 5 92 44 77 66 99 50 9 30 19 31 20 79 74 49 90 97 3 51 48 84 54 78 26 41 1 63 23 38 43 8 14 69 60 82 59 57 7 81 87 33 24 89 29 17 27 70 46 91 40 98 25 2 42 4 28 85 83 80 62 75 12 93 6 45 37 58 72 95 76 55 94 32 15 71 53 13 64 11 52 47 65" score=4541.993897124084>
Generation no:44601
Best individual: <Individual chromosome="96 10 36 16 61 22 18 67 88 34 21 73 86 56 39 35 0 68 5 92 44 77 66 99 50 9 30 19 31 20 79 74 49 90 97 3 51 48 84 54 78 26 41 1 63 23 38 43 8 14 69 60 82 59 57 7 81 87 33 24 89 29 17 27 70 46 91 40 98 25 2 42 4 28 85 83 80 62 75 12 93 6 45 37 58 72 95 76 55 94 32 15 71 53 13 64 11 52 47 65" score=4541.993897124084>
Generation no:44801
Best individual: <Individual chromosome="96 10 36 16 61 22 18 67 88 34 21 73 86 56 39 35 0 68 5 92 44 77 66 99 50 9 30 19 31 20 79 74 49 90 97 3 51 48 84 54 78 26 41 1 63 23 38 43 8 14 69 60 82 59 57 7 81 87 33 24 89 29 17 27 70 46 91 40 98 25 2 42 4 28 85 83 80 62 75 12 93 6 45 37 58 72 95 76 55 94 32 15 71 53 13 64 11 52 47 65" score=4541.993897124084>
Generation no:45001
Best individual: <Individual chromosome="96 10 36 16 61 22 18 67 88 34 21 73 86 56 39 35 0 68 5 92 44 77 66 99 50 9 30 19 31 20 79 74 49 90 97 3 51 48 84 54 78 26 41 1 63 23 38 43 8 14 69 60 82 59 57 7 81 87 33 24 89 29 17 27 70 46 91 40 98 25 2 42 4 28 85 83 80 62 75 12 93 6 45 37 58 72 95 76 55 94 32 15 71 53 13 64 11 52 47 65" score=4541.993897124084>
Generation no:45201
Best individual: <Individual chromosome="96 10 36 16 61 22 18 67 88 34 21 73 86 56 39 35 0 68 5 92 44 77 66 99 50 9 30 19 31 20 79 74 49 90 97 3 51 48 84 54 78 26 41 1 63 23 38 43 8 14 69 60 82 59 57 7 81 87 33 24 89 29 17 27 70 46 91 40 98 25 2 42 4 28 85 83 80 62 75 12 93 6 45 37 58 72 95 76 55 94 32 15 71 53 13 64 11 52 47 65" score=4541.993897124084>
Generation no:45401
Best individual: <Individual chromosome="96 10 36 16 61 22 18 67 88 34 21 73 86 56 39 35 0 68 5 92 44 77 66 99 50 9 30 19 31 20 79 74 49 90 97 3 51 48 84 54 78 26 41 1 63 23 38 43 8 14 69 60 82 59 57 7 81 87 33 24 89 29 17 27 70 46 91 40 98 25 2 42 4 28 85 83 80 62 75 12 93 6 45 37 58 72 95 76 55 94 32 15 71 53 13 64 11 52 47 65" score=4541.993897124084>
Generation no:45601
Best individual: <Individual chromosome="96 10 36 16 61 22 18 67 88 34 21 73 86 56 39 35 0 68 5 92 44 77 66 99 50 9 30 19 31 20 79 74 49 90 97 3 51 48 84 54 78 26 41 1 63 23 38 43 8 14 69 60 82 59 57 7 81 87 33 24 89 29 17 27 70 46 91 40 98 25 2 42 4 28 85 83 80 62 75 12 93 6 45 37 58 72 95 76 55 94 32 15 71 53 13 64 11 52 47 65" score=4541.993897124084>
Generation no:45801
Best individual: <Individual chromosome="96 10 36 16 61 22 18 67 88 34 21 73 86 56 39 35 0 68 5 92 44 77 66 99 50 9 30 19 31 20 79 74 49 90 97 3 51 48 84 54 78 26 41 1 63 23 38 43 8 14 69 60 82 59 57 7 81 87 33 24 89 29 17 27 70 46 91 40 98 25 2 42 4 28 85 83 80 62 75 12 93 6 45 37 58 72 95 76 55 94 32 15 71 53 13 64 11 52 47 65" score=4541.993897124084>
Generation no:46001
Best individual: <Individual chromosome="96 10 36 16 61 22 18 67 88 34 21 73 86 56 39 35 0 68 5 92 44 77 66 99 50 9 30 19 31 20 79 74 49 90 97 3 51 48 84 54 78 26 41 1 63 23 38 43 8 14 69 60 82 59 57 7 81 87 33 24 89 29 17 27 70 46 91 40 98 25 2 42 4 28 85 83 80 62 75 12 93 6 45 37 58 72 95 76 55 94 32 15 71 53 13 64 11 52 47 65" score=4541.993897124084>
Generation no:46201
Best individual: <Individual chromosome="96 10 36 16 61 22 18 67 88 34 21 73 86 56 39 35 0 68 5 92 44 77 66 99 50 9 30 19 31 20 79 74 49 90 97 3 51 48 84 54 78 26 41 1 63 23 38 43 8 14 69 60 82 59 57 7 81 87 33 24 89 29 17 27 70 46 91 40 98 25 2 42 4 28 85 83 80 62 75 12 93 6 45 37 58 72 95 76 55 94 32 15 71 53 13 64 11 52 47 65" score=4541.993897124084>
Generation no:46401
Best individual: <Individual chromosome="96 10 36 16 61 22 18 67 88 34 21 73 86 56 39 35 0 68 5 92 44 77 66 99 50 9 30 19 31 20 79 74 49 90 97 3 51 48 84 54 78 26 41 1 63 23 38 43 8 14 69 60 82 59 57 7 81 87 33 24 89 29 17 27 70 46 91 40 98 25 2 42 4 28 85 83 80 62 75 12 93 6 45 37 58 72 95 76 55 94 32 15 71 53 13 64 11 52 47 65" score=4541.993897124084>
Generation no:46601
Best individual: <Individual chromosome="96 10 36 16 61 22 18 67 88 34 21 73 86 56 39 35 0 68 5 92 44 66 99 50 9 30 19 31 20 79 74 49 90 97 3 51 48 84 54 78 26 41 1 63 23 38 43 8 14 77 69 60 82 59 57 7 81 87 33 24 89 29 17 27 70 46 91 40 98 25 2 42 4 28 85 83 80 62 75 12 93 6 45 37 58 72 95 76 55 94 32 15 71 53 13 64 11 52 47 65" score=4539.867272427223>
Generation no:46801
Best individual: <Individual chromosome="96 10 36 16 61 22 18 67 88 34 21 73 86 56 39 35 0 68 5 92 44 66 99 50 9 30 19 31 20 79 74 49 90 97 3 51 48 84 54 78 26 41 1 63 23 38 43 8 14 77 69 60 82 59 57 7 81 87 33 24 89 29 17 27 70 46 91 40 98 25 2 42 4 28 85 83 80 62 75 12 93 6 45 37 58 72 95 76 55 94 32 15 71 53 13 64 11 52 47 65" score=4539.867272427223>
Generation no:47001
Best individual: <Individual chromosome="96 10 36 16 61 22 18 67 88 34 21 73 86 56 39 35 0 68 5 92 44 66 99 50 9 30 19 31 20 79 74 49 90 97 3 51 48 84 54 78 26 41 1 63 23 38 43 8 14 77 69 60 82 59 57 7 81 87 33 24 89 29 17 27 70 46 91 40 98 25 2 42 4 28 85 83 80 62 75 12 93 6 45 37 58 72 95 76 55 94 32 15 71 53 13 64 11 52 47 65" score=4539.867272427223>
Generation no:47201
Best individual: <Individual chromosome="96 10 36 16 61 22 18 67 88 34 21 73 86 56 39 35 0 68 5 92 44 66 99 50 9 30 19 31 20 79 74 49 90 97 3 51 48 84 54 78 26 41 1 63 23 38 43 8 14 77 69 60 82 59 57 7 81 87 33 24 89 29 17 27 70 46 91 40 98 25 2 42 4 28 85 83 80 62 75 12 93 6 45 37 58 72 95 76 55 94 32 15 71 53 13 64 11 52 47 65" score=4539.867272427223>
Generation no:47401
Best individual: <Individual chromosome="96 10 36 16 61 22 18 67 88 34 21 73 86 56 39 35 0 68 5 92 44 66 99 50 9 30 19 31 20 79 74 49 90 97 3 51 48 84 54 78 26 41 1 63 23 38 43 8 14 77 69 60 82 59 57 7 81 87 33 24 89 29 17 27 70 46 91 40 98 25 2 42 4 28 85 83 80 62 75 12 93 6 45 37 58 72 95 76 55 94 32 15 71 53 13 64 11 52 47 65" score=4539.867272427223>
Generation no:47601
Best individual: <Individual chromosome="96 10 36 16 61 22 18 67 88 34 21 73 86 56 39 35 0 68 5 92 44 66 99 50 9 30 19 31 20 79 74 49 90 97 3 51 48 84 54 78 26 41 1 63 23 38 43 8 14 77 69 60 82 59 57 7 81 87 33 24 89 29 17 27 70 46 91 40 98 25 2 42 4 28 85 83 80 62 75 12 93 6 45 37 58 72 95 76 55 94 32 15 71 53 13 64 11 52 47 65" score=4539.867272427223>
Generation no:47801
Best individual: <Individual chromosome="96 10 36 16 61 22 18 67 88 34 21 73 86 56 39 35 0 68 5 92 44 66 99 50 9 30 19 31 20 79 74 49 90 97 3 51 48 84 54 78 26 41 1 63 23 38 43 8 14 77 69 60 82 59 57 7 81 87 33 24 89 29 17 27 70 46 91 40 98 25 2 42 4 28 85 83 80 62 75 12 93 6 45 37 58 72 95 76 55 94 32 15 71 53 13 64 11 52 47 65" score=4539.867272427223>
Generation no:48001
Best individual: <Individual chromosome="96 10 36 16 61 22 18 67 88 34 21 73 86 56 39 35 0 68 5 92 44 66 99 50 9 30 19 31 20 79 74 49 90 97 3 51 48 84 54 78 26 41 1 63 23 38 43 8 14 77 69 60 82 59 57 7 81 87 33 24 89 29 17 27 70 46 91 40 98 25 2 42 4 28 85 83 80 62 75 12 93 6 45 37 58 72 95 76 55 94 32 15 71 53 13 64 11 52 47 65" score=4539.867272427223>
Generation no:48201
Best individual: <Individual chromosome="96 10 36 16 61 22 18 67 88 34 21 73 86 56 39 35 0 68 5 92 44 66 99 50 9 30 19 31 20 79 74 49 90 97 3 51 48 84 54 78 26 41 1 63 23 38 43 8 14 77 69 60 82 59 57 7 81 87 33 24 89 29 17 27 70 46 91 40 98 25 2 42 4 28 85 83 80 62 75 12 93 6 45 37 58 72 95 76 55 94 32 15 71 53 13 64 11 52 47 65" score=4539.867272427223>
Generation no:48401
Best individual: <Individual chromosome="96 10 36 16 61 22 18 67 88 34 21 73 86 56 39 35 0 68 5 92 44 66 99 50 9 30 19 31 20 79 74 49 90 97 3 51 48 84 54 78 26 41 1 63 23 38 43 8 14 77 69 60 82 59 57 7 81 87 33 24 89 29 17 27 70 46 91 40 98 25 2 42 4 28 85 83 80 62 75 12 93 6 45 37 58 72 95 76 55 94 32 15 71 53 13 64 11 52 47 65" score=4539.867272427223>
Generation no:48601
Best individual: <Individual chromosome="96 10 36 16 61 22 18 67 88 34 21 73 86 56 39 35 0 68 5 92 44 66 77 99 50 9 30 19 31 20 79 74 49 90 97 3 51 48 84 54 78 26 41 1 63 23 38 43 8 14 69 60 82 59 57 7 81 87 33 24 89 29 17 27 70 46 91 40 98 25 2 42 4 28 85 83 80 62 75 12 93 6 45 37 58 72 95 76 55 94 32 15 71 53 13 64 11 52 47 65" score=4524.118232190085>
Generation no:48801
Best individual: <Individual chromosome="96 10 36 16 61 22 18 67 88 34 21 73 86 56 39 35 0 68 5 92 44 66 77 99 50 9 30 19 31 20 79 74 49 90 97 3 51 48 84 54 78 26 41 1 63 23 38 43 8 14 69 60 82 59 57 7 81 87 33 24 89 29 17 27 70 46 91 40 98 25 2 42 4 28 85 83 80 62 75 12 93 6 45 37 58 72 95 76 55 94 32 15 71 53 13 64 11 52 47 65" score=4524.118232190085>
Generation no:49001
Best individual: <Individual chromosome="96 10 36 16 61 22 18 67 88 34 21 73 86 56 39 35 0 68 5 92 44 66 77 99 50 9 30 19 31 20 79 74 49 90 97 3 51 48 84 54 78 26 41 1 63 23 38 43 8 14 69 60 82 59 57 7 81 87 33 24 89 29 17 27 70 46 91 40 98 25 2 42 4 28 85 83 80 62 75 12 93 6 45 37 58 72 95 76 55 94 32 15 71 53 13 64 11 52 47 65" score=4524.118232190085>
Generation no:49201
Best individual: <Individual chromosome="96 10 36 16 61 22 18 67 88 34 21 73 86 56 39 35 0 68 5 92 44 66 77 99 50 9 30 19 31 20 79 74 49 90 97 3 51 48 84 54 78 26 41 1 63 23 38 43 8 14 69 60 82 59 57 7 81 87 33 24 89 29 17 27 70 46 91 40 98 25 2 42 4 28 85 83 80 62 75 12 93 6 45 37 58 72 95 76 55 94 32 15 71 53 13 64 11 52 47 65" score=4524.118232190085>
Generation no:49401
Best individual: <Individual chromosome="96 10 36 16 61 22 18 67 88 34 21 73 86 56 39 35 0 68 5 92 44 66 77 99 50 9 30 19 31 20 79 74 49 90 97 3 51 48 84 54 78 26 41 1 63 23 38 43 8 14 69 60 82 59 57 7 81 87 33 24 89 29 17 27 70 46 91 40 98 25 2 42 4 28 85 83 80 62 75 12 93 6 45 37 58 72 95 76 55 94 32 15 71 53 13 64 11 52 47 65" score=4524.118232190085>
Generation no:49601
Best individual: <Individual chromosome="96 10 36 16 61 22 18 67 88 34 21 73 86 56 39 35 0 68 5 92 44 66 77 99 50 9 30 19 31 20 79 74 49 90 97 3 51 48 84 54 78 26 41 1 63 23 38 43 8 14 69 60 82 59 57 7 81 87 33 24 89 29 17 27 70 46 91 40 98 25 2 42 4 28 85 83 80 62 75 12 93 6 45 37 58 72 95 76 55 94 32 15 71 53 13 64 11 52 47 65" score=4524.118232190085>
Generation no:49801
Best individual: <Individual chromosome="96 10 36 16 61 22 18 67 88 34 21 73 86 56 39 35 0 68 5 92 44 66 77 99 50 9 30 19 31 20 79 74 49 90 97 3 51 48 84 54 78 26 41 1 63 23 38 43 8 14 69 60 82 59 57 7 81 87 33 24 89 29 17 27 70 46 91 40 98 25 2 42 4 28 85 83 80 62 75 12 93 6 45 37 58 72 95 76 55 94 32 15 71 53 13 64 11 52 47 65" score=4524.118232190085>
..................Result.........................
<Individual chromosome="96 10 36 16 61 22 18 67 88 34 21 73 86 56 39 35 0 68 5 92 44 66 77 99 50 9 30 19 31 20 79 74 49 90 97 3 51 48 84 54 78 26 41 1 63 23 38 43 8 14 69 60 82 59 57 7 81 87 33 24 89 29 17 27 70 46 91 40 98 25 2 42 4 28 85 83 80 62 75 12 93 6 45 37 58 72 95 76 55 94 32 15 71 53 13 64 11 52 47 65" score=4524.118232190085>
The plot was saved into the TSPresult_GA_crossover_run_0.png file.

AVERAGE ON RUNS =%.02f 4524.118232190085
..................End.........................
